  Tukey multiple comparisons of means
    95% family-wise confidence level

Fit: aov(formula = avg_nr_intake ~ order * hour, data = nr_data)

$order
        diff       lwr      upr     p adj
2-1 1.110615 0.5660423 1.655188 0.0001584

$hour
               diff          lwr         upr     p adj
1-0    -2.851190476  -6.46757797  0.76519702 0.3123002
2-0    -1.541666667  -5.15805416  2.07472082 0.9908934
3-0    -0.603571429  -4.21995892  3.01281606 1.0000000
4-0    -1.225000000  -4.84138749  2.39138749 0.9995903
5-0    -2.352380952  -5.96876844  1.26400654 0.6655880
6-0    -3.597619048  -7.21400654  0.01876844 0.0526877
7-0    -4.295238095  -7.91162559 -0.67885060 0.0063151
8-0    -3.316666667  -6.93305416  0.29972082 0.1108839
9-0    -3.604761905  -7.22114940  0.01162559 0.0516501
10-0   -2.475000000  -6.09138749  1.14138749 0.5742499
11-0   -0.597619048  -4.21400654  3.01876844 1.0000000
12-0    2.990476190  -0.62591130  6.60686368 0.2359519
13-0    7.941666667   4.32527918 11.55805416 0.0000000
14-0   10.758333333   7.14194584 14.37472082 0.0000000
15-0   10.165476190   6.54908870 13.78186368 0.0000000
16-0    9.572619048   5.95623156 13.18900654 0.0000000
17-0    7.866666667   4.25027918 11.48305416 0.0000000
18-0    5.528571429   1.91218394  9.14495892 0.0000859
19-0    1.765476190  -1.85091130  5.38186368 0.9604731
20-0    0.119047619  -3.49733987  3.73543511 1.0000000
21-0   -0.389285714  -4.00567321  3.22710178 1.0000000
22-0    0.496428571  -3.11995892  4.11281606 1.0000000
23-0    3.301190476  -0.31519702  6.91757797 0.1152538
2-1     1.309523810  -2.30686368  4.92591130 0.9989157
3-1     2.247619048  -1.36876844  5.86400654 0.7396381
4-1     1.626190476  -1.99019702  5.24257797 0.9832065
5-1     0.498809524  -3.11757797  4.11519702 1.0000000
6-1    -0.746428571  -4.36281606  2.86995892 0.9999999
7-1    -1.444047619  -5.06043511  2.17233987 0.9959401
8-1    -0.465476190  -4.08186368  3.15091130 1.0000000
9-1    -0.753571429  -4.36995892  2.86281606 0.9999999
10-1    0.376190476  -3.24019702  3.99257797 1.0000000
11-1    2.253571429  -1.36281606  5.86995892 0.7355912
12-1    5.841666667   2.22527918  9.45805416 0.0000273
13-1   10.792857143   7.17646965 14.40924463 0.0000000
14-1   13.609523810   9.99313632 17.22591130 0.0000000
15-1   13.016666667   9.40027918 16.63305416 0.0000000
16-1   12.423809524   8.80742203 16.04019702 0.0000000
17-1   10.717857143   7.10146965 14.33424463 0.0000000
18-1    8.379761905   4.76337441 11.99614940 0.0000000
19-1    4.616666667   1.00027918  8.23305416 0.0021636
20-1    2.970238095  -0.64614940  6.58662559 0.2461750
21-1    2.461904762  -1.15448273  6.07829225 0.5840960
22-1    3.347619048  -0.26876844  6.96400654 0.1025551
23-1    6.152380952   2.53599346  9.76876844 0.0000087
3-2     0.938095238  -2.67829225  4.55448273 0.9999950
4-2     0.316666667  -3.29972082  3.93305416 1.0000000
5-2    -0.810714286  -4.42710178  2.80567321 0.9999997
6-2    -2.055952381  -5.67233987  1.56043511 0.8550191
7-2    -2.753571429  -6.36995892  0.86281606 0.3737561
8-2    -1.775000000  -5.39138749  1.84138749 0.9583505
9-2    -2.063095238  -5.67948273  1.55329225 0.8513209
10-2   -0.933333333  -4.54972082  2.68305416 0.9999954
11-2    0.944047619  -2.67233987  4.56043511 0.9999944
12-2    4.532142857   0.91575537  8.14853035 0.0028801
13-2    9.483333333   5.86694584 13.09972082 0.0000000
14-2   12.300000000   8.68361251 15.91638749 0.0000000
15-2   11.707142857   8.09075537 15.32353035 0.0000000
16-2   11.114285714   7.49789822 14.73067321 0.0000000
17-2    9.408333333   5.79194584 13.02472082 0.0000000
18-2    7.070238095   3.45385060 10.68662559 0.0000003
19-2    3.307142857  -0.30924463  6.92353035 0.1135566
20-2    1.660714286  -1.95567321  5.27710178 0.9788870
21-2    1.152380952  -2.46400654  4.76876844 0.9998399
22-2    2.038095238  -1.57829225  5.65448273 0.8640373
23-2    4.842857143   1.22646965  8.45924463 0.0009931
4-3    -0.621428571  -4.23781606  2.99495892 1.0000000
5-3    -1.748809524  -5.36519702  1.86757797 0.9639959
6-3    -2.994047619  -6.61043511  0.62233987 0.2341790
7-3    -3.691666667  -7.30805416 -0.07527918 0.0404060
8-3    -2.713095238  -6.32948273  0.90329225 0.4009391
9-3    -3.001190476  -6.61757797  0.61519702 0.2306610
10-3   -1.871428571  -5.48781606  1.74495892 0.9320476
11-3    0.005952381  -3.61043511  3.62233987 1.0000000
12-3    3.594047619  -0.02233987  7.21043511 0.0532134
13-3    8.545238095   4.92885060 12.16162559 0.0000000
14-3   11.361904762   7.74551727 14.97829225 0.0000000
15-3   10.769047619   7.15266013 14.38543511 0.0000000
16-3   10.176190476   6.55980298 13.79257797 0.0000000
17-3    8.470238095   4.85385060 12.08662559 0.0000000
18-3    6.132142857   2.51575537  9.74853035 0.0000093
19-3    2.369047619  -1.24733987  5.98543511 0.6533650
20-3    0.722619048  -2.89376844  4.33900654 1.0000000
21-3    0.214285714  -3.40210178  3.83067321 1.0000000
22-3    1.100000000  -2.51638749  4.71638749 0.9999239
23-3    3.904761905   0.28837441  7.52114940 0.0215743
5-4    -1.127380952  -4.74376844  2.48900654 0.9998869
6-4    -2.372619048  -5.98900654  1.24376844 0.6507343
7-4    -3.070238095  -6.68662559  0.54614940 0.1985704
8-4    -2.091666667  -5.70805416  1.52472082 0.8360195
9-4    -2.379761905  -5.99614940  1.23662559 0.6454619
10-4   -1.250000000  -4.86638749  2.36638749 0.9994467
11-4    0.627380952  -2.98900654  4.24376844 1.0000000
12-4    4.215476190   0.59908870  7.83186368 0.0081752
13-4    9.166666667   5.55027918 12.78305416 0.0000000
14-4   11.983333333   8.36694584 15.59972082 0.0000000
15-4   11.390476190   7.77408870 15.00686368 0.0000000
16-4   10.797619048   7.18123156 14.41400654 0.0000000
17-4    9.091666667   5.47527918 12.70805416 0.0000000
18-4    6.753571429   3.13718394 10.36995892 0.0000009
19-4    2.990476190  -0.62591130  6.60686368 0.2359519
20-4    1.344047619  -2.27233987  4.96043511 0.9984397
21-4    0.835714286  -2.78067321  4.45210178 0.9999994
22-4    1.721428571  -1.89495892  5.33781606 0.9692727
23-4    4.526190476   0.90980298  8.14257797 0.0029384
6-5    -1.245238095  -4.86162559  2.37114940 0.9994770
7-5    -1.942857143  -5.55924463  1.67353035 0.9065004
8-5    -0.964285714  -4.58067321  2.65210178 0.9999918
9-5    -1.252380952  -4.86876844  2.36400654 0.9994309
10-5   -0.122619048  -3.73900654  3.49376844 1.0000000
11-5    1.754761905  -1.86162559  5.37114940 0.9627654
12-5    5.342857143   1.72646965  8.95924463 0.0001684
13-5   10.294047619   6.67766013 13.91043511 0.0000000
14-5   13.110714286   9.49432679 16.72710178 0.0000000
15-5   12.517857143   8.90146965 16.13424463 0.0000000
16-5   11.925000000   8.30861251 15.54138749 0.0000000
17-5   10.219047619   6.60266013 13.83543511 0.0000000
18-5    7.880952381   4.26456489 11.49733987 0.0000000
19-5    4.117857143   0.50146965  7.73424463 0.0111597
20-5    2.471428571  -1.14495892  6.08781606 0.5769355
21-5    1.963095238  -1.65329225  5.57948273 0.8982815
22-5    2.848809524  -0.76757797  6.46519702 0.3137247
23-5    5.653571429   2.03718394  9.26995892 0.0000544
7-6    -0.697619048  -4.31400654  2.91876844 1.0000000
8-6     0.280952381  -3.33543511  3.89733987 1.0000000
9-6    -0.007142857  -3.62353035  3.60924463 1.0000000
10-6    1.122619048  -2.49376844  4.73900654 0.9998943
11-6    3.000000000  -0.61638749  6.61638749 0.2312447
12-6    6.588095238   2.97170775 10.20448273 0.0000017
13-6   11.539285714   7.92289822 15.15567321 0.0000000
14-6   14.355952381  10.73956489 17.97233987 0.0000000
15-6   13.763095238  10.14670775 17.37948273 0.0000000
16-6   13.170238095   9.55385060 16.78662559 0.0000000
17-6   11.464285714   7.84789822 15.08067321 0.0000000
18-6    9.126190476   5.50980298 12.74257797 0.0000000
19-6    5.363095238   1.74670775  8.97948273 0.0001565
20-6    3.716666667   0.10027918  7.33305416 0.0376067
21-6    3.208333333  -0.40805416  6.82472082 0.1445235
22-6    4.094047619   0.47766013  7.71043511 0.0120297
23-6    6.898809524   3.28242203 10.51519702 0.0000005
8-7     0.978571429  -2.63781606  4.59495892 0.9999894
9-7     0.690476190  -2.92591130  4.30686368 1.0000000
10-7    1.820238095  -1.79614940  5.43662559 0.9471317
11-7    3.697619048   0.08123156  7.31400654 0.0397230
12-7    7.285714286   3.66932679 10.90210178 0.0000001
13-7   12.236904762   8.62051727 15.85329225 0.0000000
14-7   15.053571429  11.43718394 18.66995892 0.0000000
15-7   14.460714286  10.84432679 18.07710178 0.0000000
16-7   13.867857143  10.25146965 17.48424463 0.0000000
17-7   12.161904762   8.54551727 15.77829225 0.0000000
18-7    9.823809524   6.20742203 13.44019702 0.0000000
19-7    6.060714286   2.44432679  9.67710178 0.0000122
20-7    4.414285714   0.79789822  8.03067321 0.0042702
21-7    3.905952381   0.28956489  7.52233987 0.0214968
22-7    4.791666667   1.17527918  8.40805416 0.0011863
23-7    7.596428571   3.98004108 11.21281606 0.0000000
9-8    -0.288095238  -3.90448273  3.32829225 1.0000000
10-8    0.841666667  -2.77472082  4.45805416 0.9999993
11-8    2.719047619  -0.89733987  6.33543511 0.3968848
12-8    6.307142857   2.69075537  9.92353035 0.0000049
13-8   11.258333333   7.64194584 14.87472082 0.0000000
14-8   14.075000000  10.45861251 17.69138749 0.0000000
15-8   13.482142857   9.86575537 17.09853035 0.0000000
16-8   12.889285714   9.27289822 16.50567321 0.0000000
17-8   11.183333333   7.56694584 14.79972082 0.0000000
18-8    8.845238095   5.22885060 12.46162559 0.0000000
19-8    5.082142857   1.46575537  8.69853035 0.0004281
20-8    3.435714286  -0.18067321  7.05210178 0.0816694
21-8    2.927380952  -0.68900654  6.54376844 0.2688094
22-8    3.813095238   0.19670775  7.42948273 0.0283783
23-8    6.617857143   3.00146965 10.23424463 0.0000015
10-9    1.129761905  -2.48662559  4.74614940 0.9998830
11-9    3.007142857  -0.60924463  6.62353035 0.2277578
12-9    6.595238095   2.97885060 10.21162559 0.0000017
13-9   11.546428571   7.93004108 15.16281606 0.0000000
14-9   14.363095238  10.74670775 17.97948273 0.0000000
15-9   13.770238095  10.15385060 17.38662559 0.0000000
16-9   13.177380952   9.56099346 16.79376844 0.0000000
17-9   11.471428571   7.85504108 15.08781606 0.0000000
18-9    9.133333333   5.51694584 12.74972082 0.0000000
19-9    5.370238095   1.75385060  8.98662559 0.0001525
20-9    3.723809524   0.10742203  7.34019702 0.0368397
21-9    3.215476190  -0.40091130  6.83186368 0.1420791
22-9    4.101190476   0.48480298  7.71757797 0.0117622
23-9    6.905952381   3.28956489 10.52233987 0.0000005
11-10   1.877380952  -1.73900654  5.49376844 0.9301219
12-10   5.465476190   1.84908870  9.08186368 0.0001080
13-10  10.416666667   6.80027918 14.03305416 0.0000000
14-10  13.233333333   9.61694584 16.84972082 0.0000000
15-10  12.640476190   9.02408870 16.25686368 0.0000000
16-10  12.047619048   8.43123156 15.66400654 0.0000000
17-10  10.341666667   6.72527918 13.95805416 0.0000000
18-10   8.003571429   4.38718394 11.61995892 0.0000000
19-10   4.240476190   0.62408870  7.85686368 0.0075425
20-10   2.594047619  -1.02233987  6.21043511 0.4854893
21-10   2.085714286  -1.53067321  5.70210178 0.8392736
22-10   2.971428571  -0.64495892  6.58781606 0.2455653
23-10   5.776190476   2.15980298  9.39257797 0.0000347
12-11   3.588095238  -0.02829225  7.20448273 0.0540999
13-11   8.539285714   4.92289822 12.15567321 0.0000000
14-11  11.355952381   7.73956489 14.97233987 0.0000000
15-11  10.763095238   7.14670775 14.37948273 0.0000000
16-11  10.170238095   6.55385060 13.78662559 0.0000000
17-11   8.464285714   4.84789822 12.08067321 0.0000000
18-11   6.126190476   2.50980298  9.74257797 0.0000096
19-11   2.363095238  -1.25329225  5.97948273 0.6577407
20-11   0.716666667  -2.89972082  4.33305416 1.0000000
21-11   0.208333333  -3.40805416  3.82472082 1.0000000
22-11   1.094047619  -2.52233987  4.71043511 0.9999303
23-11   3.898809524   0.28242203  7.51519702 0.0219658
13-12   4.951190476   1.33480298  8.56757797 0.0006799
14-12   7.767857143   4.15146965 11.38424463 0.0000000
15-12   7.175000000   3.55861251 10.79138749 0.0000002
16-12   6.582142857   2.96575537 10.19853035 0.0000018
17-12   4.876190476   1.25980298  8.49257797 0.0008842
18-12   2.538095238  -1.07829225  6.15448273 0.5269212
19-12  -1.225000000  -4.84138749  2.39138749 0.9995903
20-12  -2.871428571  -6.48781606  0.74495892 0.3003496
21-12  -3.379761905  -6.99614940  0.23662559 0.0944659
22-12  -2.494047619  -6.11043511  1.12233987 0.5599303
23-12   0.310714286  -3.30567321  3.92710178 1.0000000
14-13   2.816666667  -0.79972082  6.43305416 0.3333301
15-13   2.223809524  -1.39257797  5.84019702 0.7555917
16-13   1.630952381  -1.98543511  5.24733987 0.9826557
17-13  -0.075000000  -3.69138749  3.54138749 1.0000000
18-13  -2.413095238  -6.02948273  1.20329225 0.6206904
19-13  -6.176190476  -9.79257797 -2.55980298 0.0000079
20-13  -7.822619048 -11.43900654 -4.20623156 0.0000000
21-13  -8.330952381 -11.94733987 -4.71456489 0.0000000
22-13  -7.445238095 -11.06162559 -3.82885060 0.0000001
23-13  -4.640476190  -8.25686368 -1.02408870 0.0019951
15-14  -0.592857143  -4.20924463  3.02353035 1.0000000
16-14  -1.185714286  -4.80210178  2.43067321 0.9997504
17-14  -2.891666667  -6.50805416  0.72472082 0.2886847
18-14  -5.229761905  -8.84614940 -1.61337441 0.0002529
19-14  -8.992857143 -12.60924463 -5.37646965 0.0000000
20-14 -10.639285714 -14.25567321 -7.02289822 0.0000000
21-14 -11.147619048 -14.76400654 -7.53123156 0.0000000
22-14 -10.261904762 -13.87829225 -6.64551727 0.0000000
23-14  -7.457142857 -11.07353035 -3.84075537 0.0000001
16-15  -0.592857143  -4.20924463  3.02353035 1.0000000
17-15  -2.298809524  -5.91519702  1.31757797 0.7041453
18-15  -4.636904762  -8.25329225 -1.02051727 0.0020195
19-15  -8.400000000 -12.01638749 -4.78361251 0.0000000
20-15 -10.046428571 -13.66281606 -6.43004108 0.0000000
21-15 -10.554761905 -14.17114940 -6.93837441 0.0000000
22-15  -9.669047619 -13.28543511 -6.05266013 0.0000000
23-15  -6.864285714 -10.48067321 -3.24789822 0.0000006
17-16  -1.705952381  -5.32233987  1.91043511 0.9719867
18-16  -4.044047619  -7.66043511 -0.42766013 0.0140680
19-16  -7.807142857 -11.42353035 -4.19075537 0.0000000
20-16  -9.453571429 -13.06995892 -5.83718394 0.0000000
21-16  -9.961904762 -13.57829225 -6.34551727 0.0000000
22-16  -9.076190476 -12.69257797 -5.45980298 0.0000000
23-16  -6.271428571  -9.88781606 -2.65504108 0.0000056
18-17  -2.338095238  -5.95448273  1.27829225 0.6759873
19-17  -6.101190476  -9.71757797 -2.48480298 0.0000105
20-17  -7.747619048 -11.36400654 -4.13123156 0.0000000
21-17  -8.255952381 -11.87233987 -4.63956489 0.0000000
22-17  -7.370238095 -10.98662559 -3.75385060 0.0000001
23-17  -4.565476190  -8.18186368 -0.94908870 0.0025738
19-18  -3.763095238  -7.37948273 -0.14670775 0.0328687
20-18  -5.409523810  -9.02591130 -1.79313632 0.0001323
21-18  -5.917857143  -9.53424463 -2.30146965 0.0000206
22-18  -5.032142857  -8.64853035 -1.41575537 0.0005111
23-18  -2.227380952  -5.84376844  1.38900654 0.7532233
20-19  -1.646428571  -5.26281606  1.96995892 0.9807678
21-19  -2.154761905  -5.77114940  1.46162559 0.7994788
22-19  -1.269047619  -4.88543511  2.34733987 0.9993093
23-19   1.535714286  -2.08067321  5.15210178 0.9913030
21-20  -0.508333333  -4.12472082  3.10805416 1.0000000
22-20   0.377380952  -3.23900654  3.99376844 1.0000000
23-20   3.182142857  -0.43424463  6.79853035 0.1537728
22-21   0.885714286  -2.73067321  4.50210178 0.9999982
23-21   3.690476190   0.07408870  7.30686368 0.0405438
23-22   2.804761905  -0.81162559  6.42114940 0.3407651

$`order:hour`
                   diff          lwr         upr     p adj
2:0-1:0    5.214286e-01  -5.11131131  6.15416845 1.0000000
1:1-1:0   -2.630952e+00  -8.26369226  3.00178750 0.9957936
2:1-1:0   -2.550000e+00  -8.18273988  3.08273988 0.9975493
1:2-1:0   -2.047619e+00  -7.68035892  3.58512083 0.9999753
2:2-1:0   -5.142857e-01  -6.14702559  5.11845416 1.0000000
1:3-1:0   -9.928571e-01  -6.62559702  4.63988273 1.0000000
2:3-1:0    3.071429e-01  -5.32559702  5.93988273 1.0000000
1:4-1:0   -1.807143e+00  -7.43988273  3.82559702 0.9999990
2:4-1:0   -1.214286e-01  -5.75416845  5.51131131 1.0000000
1:5-1:0   -3.252381e+00  -8.88512083  2.38035892 0.9228763
2:5-1:0   -9.309524e-01  -6.56369226  4.70178750 1.0000000
1:6-1:0   -3.004762e+00  -8.63750178  2.62797797 0.9696862
2:6-1:0   -3.669048e+00  -9.30178750  1.96369226 0.7704814
1:7-1:0   -4.388095e+00 -10.02083512  1.24464464 0.3953969
2:7-1:0   -3.680952e+00  -9.31369226  1.95178750 0.7648872
1:8-1:0   -2.859524e+00  -8.49226369  2.77321607 0.9845799
2:8-1:0   -3.252381e+00  -8.88512083  2.38035892 0.9228763
1:9-1:0   -2.983333e+00  -8.61607321  2.64940654 0.9723847
2:9-1:0   -3.704762e+00  -9.33750178  1.92797797 0.7535356
1:10-1:0  -1.461905e+00  -7.09464464  4.17083512 1.0000000
2:10-1:0  -2.966667e+00  -8.59940654  2.66607321 0.9743549
1:11-1:0   7.142857e-03  -5.62559702  5.63988273 1.0000000
2:11-1:0  -6.809524e-01  -6.31369226  4.95178750 1.0000000
1:12-1:0   3.278571e+00  -2.35416845  8.91131131 0.9160572
2:12-1:0   3.223810e+00  -2.40893035  8.85654940 0.9298851
1:13-1:0   5.454762e+00  -0.17797797 11.08750178 0.0709238
2:13-1:0   1.095000e+01   5.31726012 16.58273988 0.0000001
1:14-1:0   9.492857e+00   3.86011727 15.12559702 0.0000042
2:14-1:0   1.254524e+01   6.91249822 18.17797797 0.0000000
1:15-1:0   8.985714e+00   3.35297441 14.61845416 0.0000155
2:15-1:0   1.186667e+01   6.23392679 17.49940654 0.0000000
1:16-1:0   8.109524e+00   2.47678393 13.74226369 0.0001488
2:16-1:0   1.155714e+01   5.92440298 17.18988273 0.0000000
1:17-1:0   6.471429e+00   0.83868869 12.10416845 0.0081754
2:17-1:0   9.783333e+00   4.15059346 15.41607321 0.0000019
1:18-1:0   4.628571e+00  -1.00416845 10.26131131 0.2869341
2:18-1:0   6.950000e+00   1.31726012 12.58273988 0.0026583
1:19-1:0   1.816667e+00  -3.81607321  7.44940654 0.9999989
2:19-1:0   2.235714e+00  -3.39702559  7.86845416 0.9998160
1:20-1:0   4.047619e-01  -5.22797797  6.03750178 1.0000000
2:20-1:0   3.547619e-01  -5.27797797  5.98750178 1.0000000
1:21-1:0  -2.785714e-01  -5.91131131  5.35416845 1.0000000
2:21-1:0   2.142857e-02  -5.61131131  5.65416845 1.0000000
1:22-1:0   4.214286e-01  -5.21131131  6.05416845 1.0000000
2:22-1:0   1.092857e+00  -4.53988273  6.72559702 1.0000000
1:23-1:0   3.221429e+00  -2.41131131  8.85416845 0.9304491
2:23-1:0   3.902381e+00  -1.73035892  9.53512083 0.6526281
1:1-2:0   -3.152381e+00  -8.78512083  2.48035892 0.9454893
2:1-2:0   -3.071429e+00  -8.70416845  2.56131131 0.9600244
1:2-2:0   -2.569048e+00  -8.20178750  3.06369226 0.9972055
2:2-2:0   -1.035714e+00  -6.66845416  4.59702559 1.0000000
1:3-2:0   -1.514286e+00  -7.14702559  4.11845416 1.0000000
2:3-2:0   -2.142857e-01  -5.84702559  5.41845416 1.0000000
1:4-2:0   -2.328571e+00  -7.96131131  3.30416845 0.9995673
2:4-2:0   -6.428571e-01  -6.27559702  4.98988273 1.0000000
1:5-2:0   -3.773810e+00  -9.40654940  1.85893035 0.7194943
2:5-2:0   -1.452381e+00  -7.08512083  4.18035892 1.0000000
1:6-2:0   -3.526190e+00  -9.15893035  2.10654940 0.8328162
2:6-2:0   -4.190476e+00  -9.82321607  1.44226369 0.4969489
1:7-2:0   -4.909524e+00 -10.54226369  0.72321607 0.1870033
2:7-2:0   -4.202381e+00  -9.83512083  1.43035892 0.4906112
1:8-2:0   -3.380952e+00  -9.01369226  2.25178750 0.8857314
2:8-2:0   -3.773810e+00  -9.40654940  1.85893035 0.7194943
1:9-2:0   -3.504762e+00  -9.13750178  2.12797797 0.8413263
2:9-2:0   -4.226190e+00  -9.85893035  1.40654940 0.4780025
1:10-2:0  -1.983333e+00  -7.61607321  3.64940654 0.9999887
2:10-2:0  -3.488095e+00  -9.12083512  2.14464464 0.8477819
1:11-2:0  -5.142857e-01  -6.14702559  5.11845416 1.0000000
2:11-2:0  -1.202381e+00  -6.83512083  4.43035892 1.0000000
1:12-2:0   2.757143e+00  -2.87559702  8.38988273 0.9910439
2:12-2:0   2.702381e+00  -2.93035892  8.33512083 0.9934683
1:13-2:0   4.933333e+00  -0.69940654 10.56607321 0.1799016
2:13-2:0   1.042857e+01   4.79583155 16.06131131 0.0000004
1:14-2:0   8.971429e+00   3.33868869 14.60416845 0.0000161
2:14-2:0   1.202381e+01   6.39106965 17.65654940 0.0000000
1:15-2:0   8.464286e+00   2.83154584 14.09702559 0.0000599
2:15-2:0   1.134524e+01   5.71249822 16.97797797 0.0000000
1:16-2:0   7.588095e+00   1.95535536 13.22083512 0.0005559
2:16-2:0   1.103571e+01   5.40297441 16.66845416 0.0000001
1:17-2:0   5.950000e+00   0.31726012 11.58273988 0.0259378
2:17-2:0   9.261905e+00   3.62916488 14.89464464 0.0000076
1:18-2:0   4.107143e+00  -1.52559702  9.73988273 0.5417932
2:18-2:0   6.428571e+00   0.79583155 12.06131131 0.0090165
1:19-2:0   1.295238e+00  -4.33750178  6.92797797 1.0000000
2:19-2:0   1.714286e+00  -3.91845416  7.34702559 0.9999998
1:20-2:0  -1.166667e-01  -5.74940654  5.51607321 1.0000000
2:20-2:0  -1.666667e-01  -5.79940654  5.46607321 1.0000000
1:21-2:0  -8.000000e-01  -6.43273988  4.83273988 1.0000000
2:21-2:0  -5.000000e-01  -6.13273988  5.13273988 1.0000000
1:22-2:0  -1.000000e-01  -5.73273988  5.53273988 1.0000000
2:22-2:0   5.714286e-01  -5.06131131  6.20416845 1.0000000
1:23-2:0   2.700000e+00  -2.93273988  8.33273988 0.9935600
2:23-2:0   3.380952e+00  -2.25178750  9.01369226 0.8857314
2:1-1:1    8.095238e-02  -5.55178750  5.71369226 1.0000000
1:2-1:1    5.833333e-01  -5.04940654  6.21607321 1.0000000
2:2-1:1    2.116667e+00  -3.51607321  7.74940654 0.9999460
1:3-1:1    1.638095e+00  -3.99464464  7.27083512 0.9999999
2:3-1:1    2.938095e+00  -2.69464464  8.57083512 0.9774813
1:4-1:1    8.238095e-01  -4.80893035  6.45654940 1.0000000
2:4-1:1    2.509524e+00  -3.12321607  8.14226369 0.9981622
1:5-1:1   -6.214286e-01  -6.25416845  5.01131131 1.0000000
2:5-1:1    1.700000e+00  -3.93273988  7.33273988 0.9999998
1:6-1:1   -3.738095e-01  -6.00654940  5.25893035 1.0000000
2:6-1:1   -1.038095e+00  -6.67083512  4.59464464 1.0000000
1:7-1:1   -1.757143e+00  -7.38988273  3.87559702 0.9999995
2:7-1:1   -1.050000e+00  -6.68273988  4.58273988 1.0000000
1:8-1:1   -2.285714e-01  -5.86131131  5.40416845 1.0000000
2:8-1:1   -6.214286e-01  -6.25416845  5.01131131 1.0000000
1:9-1:1   -3.523810e-01  -5.98512083  5.28035892 1.0000000
2:9-1:1   -1.073810e+00  -6.70654940  4.55893035 1.0000000
1:10-1:1   1.169048e+00  -4.46369226  6.80178750 1.0000000
2:10-1:1  -3.357143e-01  -5.96845416  5.29702559 1.0000000
1:11-1:1   2.638095e+00  -2.99464464  8.27083512 0.9955977
2:11-1:1   1.950000e+00  -3.68273988  7.58273988 0.9999926
1:12-1:1   5.909524e+00   0.27678393 11.54226369 0.0282643
2:12-1:1   5.854762e+00   0.22202203 11.48750178 0.0317169
1:13-1:1   8.085714e+00   2.45297441 13.71845416 0.0001582
2:13-1:1   1.358095e+01   7.94821250 19.21369226 0.0000000
1:14-1:1   1.212381e+01   6.49106965 17.75654940 0.0000000
2:14-1:1   1.517619e+01   9.54345060 20.80893035 0.0000000
1:15-1:1   1.161667e+01   5.98392679 17.24940654 0.0000000
2:15-1:1   1.449762e+01   8.86487917 20.13035892 0.0000000
1:16-1:1   1.074048e+01   5.10773631 16.37321607 0.0000002
2:16-1:1   1.418810e+01   8.55535536 19.82083512 0.0000000
1:17-1:1   9.102381e+00   3.46964108 14.73512083 0.0000115
2:17-1:1   1.241429e+01   6.78154584 18.04702559 0.0000000
1:18-1:1   7.259524e+00   1.62678393 12.89226369 0.0012543
2:18-1:1   9.580952e+00   3.94821250 15.21369226 0.0000033
1:19-1:1   4.447619e+00  -1.18512083 10.08035892 0.3667673
2:19-1:1   4.866667e+00  -0.76607321 10.49940654 0.2003156
1:20-1:1   3.035714e+00  -2.59702559  8.66845416 0.9654456
2:20-1:1   2.985714e+00  -2.64702559  8.61845416 0.9720942
1:21-1:1   2.352381e+00  -3.28035892  7.98512083 0.9994681
2:21-1:1   2.652381e+00  -2.98035892  8.28512083 0.9951832
1:22-1:1   3.052381e+00  -2.58035892  8.68512083 0.9629879
2:22-1:1   3.723810e+00  -1.90893035  9.35654940 0.7443049
1:23-1:1   5.852381e+00   0.21964108 11.48512083 0.0318754
2:23-1:1   6.533333e+00   0.90059346 12.16607321 0.0070911
1:2-2:1    5.023810e-01  -5.13035892  6.13512083 1.0000000
2:2-2:1    2.035714e+00  -3.59702559  7.66845416 0.9999786
1:3-2:1    1.557143e+00  -4.07559702  7.18988273 1.0000000
2:3-2:1    2.857143e+00  -2.77559702  8.48988273 0.9847635
1:4-2:1    7.428571e-01  -4.88988273  6.37559702 1.0000000
2:4-2:1    2.428571e+00  -3.20416845  8.06131131 0.9990048
1:5-2:1   -7.023810e-01  -6.33512083  4.93035892 1.0000000
2:5-2:1    1.619048e+00  -4.01369226  7.25178750 1.0000000
1:6-2:1   -4.547619e-01  -6.08750178  5.17797797 1.0000000
2:6-2:1   -1.119048e+00  -6.75178750  4.51369226 1.0000000
1:7-2:1   -1.838095e+00  -7.47083512  3.79464464 0.9999984
2:7-2:1   -1.130952e+00  -6.76369226  4.50178750 1.0000000
1:8-2:1   -3.095238e-01  -5.94226369  5.32321607 1.0000000
2:8-2:1   -7.023810e-01  -6.33512083  4.93035892 1.0000000
1:9-2:1   -4.333333e-01  -6.06607321  5.19940654 1.0000000
2:9-2:1   -1.154762e+00  -6.78750178  4.47797797 1.0000000
1:10-2:1   1.088095e+00  -4.54464464  6.72083512 1.0000000
2:10-2:1  -4.166667e-01  -6.04940654  5.21607321 1.0000000
1:11-2:1   2.557143e+00  -3.07559702  8.18988273 0.9974249
2:11-2:1   1.869048e+00  -3.76369226  7.50178750 0.9999976
1:12-2:1   5.828571e+00   0.19583155 11.46131131 0.0335008
2:12-2:1   5.773810e+00   0.14106965 11.40654940 0.0375291
1:13-2:1   8.004762e+00   2.37202203 13.63750178 0.0001944
2:13-2:1   1.350000e+01   7.86726012 19.13273988 0.0000000
1:14-2:1   1.204286e+01   6.41011727 17.67559702 0.0000000
2:14-2:1   1.509524e+01   9.46249822 20.72797797 0.0000000
1:15-2:1   1.153571e+01   5.90297441 17.16845416 0.0000000
2:15-2:1   1.441667e+01   8.78392679 20.04940654 0.0000000
1:16-2:1   1.065952e+01   5.02678393 16.29226369 0.0000002
2:16-2:1   1.410714e+01   8.47440298 19.73988273 0.0000000
1:17-2:1   9.021429e+00   3.38868869 14.65416845 0.0000142
2:17-2:1   1.233333e+01   6.70059346 17.96607321 0.0000000
1:18-2:1   7.178571e+00   1.54583155 12.81131131 0.0015290
2:18-2:1   9.500000e+00   3.86726012 15.13273988 0.0000041
1:19-2:1   4.366667e+00  -1.26607321  9.99940654 0.4059573
2:19-2:1   4.785714e+00  -0.84702559 10.41845416 0.2273468
1:20-2:1   2.954762e+00  -2.67797797  8.58750178 0.9756954
2:20-2:1   2.904762e+00  -2.72797797  8.53750178 0.9807490
1:21-2:1   2.271429e+00  -3.36131131  7.90416845 0.9997418
2:21-2:1   2.571429e+00  -3.06131131  8.20416845 0.9971598
1:22-2:1   2.971429e+00  -2.66131131  8.60416845 0.9738033
2:22-2:1   3.642857e+00  -1.98988273  9.27559702 0.7825882
1:23-2:1   5.771429e+00   0.13868869 11.40416845 0.0377139
2:23-2:1   6.452381e+00   0.81964108 12.08512083 0.0085396
2:2-1:2    1.533333e+00  -4.09940654  7.16607321 1.0000000
1:3-1:2    1.054762e+00  -4.57797797  6.68750178 1.0000000
2:3-1:2    2.354762e+00  -3.27797797  7.98750178 0.9994572
1:4-1:2    2.404762e-01  -5.39226369  5.87321607 1.0000000
2:4-1:2    1.926190e+00  -3.70654940  7.55893035 0.9999946
1:5-1:2   -1.204762e+00  -6.83750178  4.42797797 1.0000000
2:5-1:2    1.116667e+00  -4.51607321  6.74940654 1.0000000
1:6-1:2   -9.571429e-01  -6.58988273  4.67559702 1.0000000
2:6-1:2   -1.621429e+00  -7.25416845  4.01131131 1.0000000
1:7-1:2   -2.340476e+00  -7.97321607  3.29226369 0.9995199
2:7-1:2   -1.633333e+00  -7.26607321  3.99940654 0.9999999
1:8-1:2   -8.119048e-01  -6.44464464  4.82083512 1.0000000
2:8-1:2   -1.204762e+00  -6.83750178  4.42797797 1.0000000
1:9-1:2   -9.357143e-01  -6.56845416  4.69702559 1.0000000
2:9-1:2   -1.657143e+00  -7.28988273  3.97559702 0.9999999
1:10-1:2   5.857143e-01  -5.04702559  6.21845416 1.0000000
2:10-1:2  -9.190476e-01  -6.55178750  4.71369226 1.0000000
1:11-1:2   2.054762e+00  -3.57797797  7.68750178 0.9999732
2:11-1:2   1.366667e+00  -4.26607321  6.99940654 1.0000000
1:12-1:2   5.326190e+00  -0.30654940 10.95893035 0.0904489
2:12-1:2   5.271429e+00  -0.36131131 10.90416845 0.1000642
1:13-1:2   7.502381e+00   1.86964108 13.13512083 0.0006883
2:13-1:2   1.299762e+01   7.36487917 18.63035892 0.0000000
1:14-1:2   1.154048e+01   5.90773631 17.17321607 0.0000000
2:14-1:2   1.459286e+01   8.96011727 20.22559702 0.0000000
1:15-1:2   1.103333e+01   5.40059346 16.66607321 0.0000001
2:15-1:2   1.391429e+01   8.28154584 19.54702559 0.0000000
1:16-1:2   1.015714e+01   4.52440298 15.78988273 0.0000007
2:16-1:2   1.360476e+01   7.97202203 19.23750178 0.0000000
1:17-1:2   8.519048e+00   2.88630774 14.15178750 0.0000520
2:17-1:2   1.183095e+01   6.19821250 17.46369226 0.0000000
1:18-1:2   6.676190e+00   1.04345060 12.30893035 0.0050878
2:18-1:2   8.997619e+00   3.36487917 14.63035892 0.0000151
1:19-1:2   3.864286e+00  -1.76845416  9.49702559 0.6728138
2:19-1:2   4.283333e+00  -1.34940654  9.91607321 0.4481631
1:20-1:2   2.452381e+00  -3.18035892  8.08512083 0.9988015
2:20-1:2   2.402381e+00  -3.23035892  8.03512083 0.9991931
1:21-1:2   1.769048e+00  -3.86369226  7.40178750 0.9999995
2:21-1:2   2.069048e+00  -3.56369226  7.70178750 0.9999683
1:22-1:2   2.469048e+00  -3.16369226  8.10178750 0.9986388
2:22-1:2   3.140476e+00  -2.49226369  8.77321607 0.9478310
1:23-1:2   5.269048e+00  -0.36369226 10.90178750 0.1005011
2:23-1:2   5.950000e+00   0.31726012 11.58273988 0.0259378
1:3-2:2   -4.785714e-01  -6.11131131  5.15416845 1.0000000
2:3-2:2    8.214286e-01  -4.81131131  6.45416845 1.0000000
1:4-2:2   -1.292857e+00  -6.92559702  4.33988273 1.0000000
2:4-2:2    3.928571e-01  -5.23988273  6.02559702 1.0000000
1:5-2:2   -2.738095e+00  -8.37083512  2.89464464 0.9919586
2:5-2:2   -4.166667e-01  -6.04940654  5.21607321 1.0000000
1:6-2:2   -2.490476e+00  -8.12321607  3.14226369 0.9984018
2:6-2:2   -3.154762e+00  -8.78750178  2.47797797 0.9450123
1:7-2:2   -3.873810e+00  -9.50654940  1.75893035 0.6677919
2:7-2:2   -3.166667e+00  -8.79940654  2.46607321 0.9425832
1:8-2:2   -2.345238e+00  -7.97797797  3.28750178 0.9994998
2:8-2:2   -2.738095e+00  -8.37083512  2.89464464 0.9919586
1:9-2:2   -2.469048e+00  -8.10178750  3.16369226 0.9986388
2:9-2:2   -3.190476e+00  -8.82321607  2.44226369 0.9375032
1:10-2:2  -9.476190e-01  -6.58035892  4.68512083 1.0000000
2:10-2:2  -2.452381e+00  -8.08512083  3.18035892 0.9988015
1:11-2:2   5.214286e-01  -5.11131131  6.15416845 1.0000000
2:11-2:2  -1.666667e-01  -5.79940654  5.46607321 1.0000000
1:12-2:2   3.792857e+00  -1.83988273  9.42559702 0.7098413
2:12-2:2   3.738095e+00  -1.89464464  9.37083512 0.7372990
1:13-2:2   5.969048e+00   0.33630774 11.60178750 0.0249052
2:13-2:2   1.146429e+01   5.83154584 17.09702559 0.0000000
1:14-2:2   1.000714e+01   4.37440298 15.63988273 0.0000011
2:14-2:2   1.305952e+01   7.42678393 18.69226369 0.0000000
1:15-2:2   9.500000e+00   3.86726012 15.13273988 0.0000041
2:15-2:2   1.238095e+01   6.74821250 18.01369226 0.0000000
1:16-2:2   8.623810e+00   2.99106965 14.25654940 0.0000397
2:16-2:2   1.207143e+01   6.43868869 17.70416845 0.0000000
1:17-2:2   6.985714e+00   1.35297441 12.61845416 0.0024398
2:17-2:2   1.029762e+01   4.66487917 15.93035892 0.0000005
1:18-2:2   5.142857e+00  -0.48988273 10.77559702 0.1260482
2:18-2:2   7.464286e+00   1.83154584 13.09702559 0.0007567
1:19-2:2   2.330952e+00  -3.30178750  7.96369226 0.9995581
2:19-2:2   2.750000e+00  -2.88273988  8.38273988 0.9913963
1:20-2:2   9.190476e-01  -4.71369226  6.55178750 1.0000000
2:20-2:2   8.690476e-01  -4.76369226  6.50178750 1.0000000
1:21-2:2   2.357143e-01  -5.39702559  5.86845416 1.0000000
2:21-2:2   5.357143e-01  -5.09702559  6.16845416 1.0000000
1:22-2:2   9.357143e-01  -4.69702559  6.56845416 1.0000000
2:22-2:2   1.607143e+00  -4.02559702  7.23988273 1.0000000
1:23-2:2   3.735714e+00  -1.89702559  9.36845416 0.7384715
2:23-2:2   4.416667e+00  -1.21607321 10.04940654 0.3815214
2:3-1:3    1.300000e+00  -4.33273988  6.93273988 1.0000000
1:4-1:3   -8.142857e-01  -6.44702559  4.81845416 1.0000000
2:4-1:3    8.714286e-01  -4.76131131  6.50416845 1.0000000
1:5-1:3   -2.259524e+00  -7.89226369  3.37321607 0.9997690
2:5-1:3    6.190476e-02  -5.57083512  5.69464464 1.0000000
1:6-1:3   -2.011905e+00  -7.64464464  3.62083512 0.9999839
2:6-1:3   -2.676190e+00  -8.30893035  2.95654940 0.9944203
1:7-1:3   -3.395238e+00  -9.02797797  2.23750178 0.8810345
2:7-1:3   -2.688095e+00  -8.32083512  2.94464464 0.9940029
1:8-1:3   -1.866667e+00  -7.49940654  3.76607321 0.9999976
2:8-1:3   -2.259524e+00  -7.89226369  3.37321607 0.9997690
1:9-1:3   -1.990476e+00  -7.62321607  3.64226369 0.9999877
2:9-1:3   -2.711905e+00  -8.34464464  2.92083512 0.9930906
1:10-1:3  -4.690476e-01  -6.10178750  5.16369226 1.0000000
2:10-1:3  -1.973810e+00  -7.60654940  3.65893035 0.9999900
1:11-1:3   1.000000e+00  -4.63273988  6.63273988 1.0000000
2:11-1:3   3.119048e-01  -5.32083512  5.94464464 1.0000000
1:12-1:3   4.271429e+00  -1.36131131  9.90416845 0.4543257
2:12-1:3   4.216667e+00  -1.41607321  9.84940654 0.4830348
1:13-1:3   6.447619e+00   0.81487917 12.08035892 0.0086330
2:13-1:3   1.194286e+01   6.31011727 17.57559702 0.0000000
1:14-1:3   1.048571e+01   4.85297441 16.11845416 0.0000003
2:14-1:3   1.353810e+01   7.90535536 19.17083512 0.0000000
1:15-1:3   9.978571e+00   4.34583155 15.61131131 0.0000012
2:15-1:3   1.285952e+01   7.22678393 18.49226369 0.0000000
1:16-1:3   9.102381e+00   3.46964108 14.73512083 0.0000115
2:16-1:3   1.255000e+01   6.91726012 18.18273988 0.0000000
1:17-1:3   7.464286e+00   1.83154584 13.09702559 0.0007567
2:17-1:3   1.077619e+01   5.14345060 16.40893035 0.0000001
1:18-1:3   5.621429e+00  -0.01131131 11.25416845 0.0511449
2:18-1:3   7.942857e+00   2.31011727 13.57559702 0.0002275
1:19-1:3   2.809524e+00  -2.82321607  8.44226369 0.9880864
2:19-1:3   3.228571e+00  -2.40416845  8.86131131 0.9287479
1:20-1:3   1.397619e+00  -4.23512083  7.03035892 1.0000000
2:20-1:3   1.347619e+00  -4.28512083  6.98035892 1.0000000
1:21-1:3   7.142857e-01  -4.91845416  6.34702559 1.0000000
2:21-1:3   1.014286e+00  -4.61845416  6.64702559 1.0000000
1:22-1:3   1.414286e+00  -4.21845416  7.04702559 1.0000000
2:22-1:3   2.085714e+00  -3.54702559  7.71845416 0.9999617
1:23-1:3   4.214286e+00  -1.41845416  9.84702559 0.4842953
2:23-1:3   4.895238e+00  -0.73750178 10.52797797 0.1913647
1:4-2:3   -2.114286e+00  -7.74702559  3.51845416 0.9999473
2:4-2:3   -4.285714e-01  -6.06131131  5.20416845 1.0000000
1:5-2:3   -3.559524e+00  -9.19226369  2.07321607 0.8191204
2:5-2:3   -1.238095e+00  -6.87083512  4.39464464 1.0000000
1:6-2:3   -3.311905e+00  -8.94464464  2.32083512 0.9068272
2:6-2:3   -3.976190e+00  -9.60893035  1.65654940 0.6129321
1:7-2:3   -4.695238e+00 -10.32797797  0.93750178 0.2605104
2:7-2:3   -3.988095e+00  -9.62083512  1.64464464 0.6064804
1:8-2:3   -3.166667e+00  -8.79940654  2.46607321 0.9425832
2:8-2:3   -3.559524e+00  -9.19226369  2.07321607 0.8191204
1:9-2:3   -3.290476e+00  -8.92321607  2.34226369 0.9128319
2:9-2:3   -4.011905e+00  -9.64464464  1.62083512 0.5935534
1:10-2:3  -1.769048e+00  -7.40178750  3.86369226 0.9999995
2:10-2:3  -3.273810e+00  -8.90654940  2.35893035 0.9173253
1:11-2:3  -3.000000e-01  -5.93273988  5.33273988 1.0000000
2:11-2:3  -9.880952e-01  -6.62083512  4.64464464 1.0000000
1:12-2:3   2.971429e+00  -2.66131131  8.60416845 0.9738033
2:12-2:3   2.916667e+00  -2.71607321  8.54940654 0.9796272
1:13-2:3   5.147619e+00  -0.48512083 10.78035892 0.1249955
2:13-2:3   1.064286e+01   5.01011727 16.27559702 0.0000002
1:14-2:3   9.185714e+00   3.55297441 14.81845416 0.0000092
2:14-2:3   1.223810e+01   6.60535536 17.87083512 0.0000000
1:15-2:3   8.678571e+00   3.04583155 14.31131131 0.0000345
2:15-2:3   1.155952e+01   5.92678393 17.19226369 0.0000000
1:16-2:3   7.802381e+00   2.16964108 13.43512083 0.0003245
2:16-2:3   1.125000e+01   5.61726012 16.88273988 0.0000000
1:17-2:3   6.164286e+00   0.53154584 11.79702559 0.0163049
2:17-2:3   9.476190e+00   3.84345060 15.10893035 0.0000043
1:18-2:3   4.321429e+00  -1.31131131  9.95416845 0.4286568
2:18-2:3   6.642857e+00   1.01011727 12.27559702 0.0055000
1:19-2:3   1.509524e+00  -4.12321607  7.14226369 1.0000000
2:19-2:3   1.928571e+00  -3.70416845  7.56131131 0.9999945
1:20-2:3   9.761905e-02  -5.53512083  5.73035892 1.0000000
2:20-2:3   4.761905e-02  -5.58512083  5.68035892 1.0000000
1:21-2:3  -5.857143e-01  -6.21845416  5.04702559 1.0000000
2:21-2:3  -2.857143e-01  -5.91845416  5.34702559 1.0000000
1:22-2:3   1.142857e-01  -5.51845416  5.74702559 1.0000000
2:22-2:3   7.857143e-01  -4.84702559  6.41845416 1.0000000
1:23-2:3   2.914286e+00  -2.71845416  8.54702559 0.9798555
2:23-2:3   3.595238e+00  -2.03750178  9.22797797 0.8038509
2:4-1:4    1.685714e+00  -3.94702559  7.31845416 0.9999999
1:5-1:4   -1.445238e+00  -7.07797797  4.18750178 1.0000000
2:5-1:4    8.761905e-01  -4.75654940  6.50893035 1.0000000
1:6-1:4   -1.197619e+00  -6.83035892  4.43512083 1.0000000
2:6-1:4   -1.861905e+00  -7.49464464  3.77083512 0.9999978
1:7-1:4   -2.580952e+00  -8.21369226  3.05178750 0.9969706
2:7-1:4   -1.873810e+00  -7.50654940  3.75893035 0.9999974
1:8-1:4   -1.052381e+00  -6.68512083  4.58035892 1.0000000
2:8-1:4   -1.445238e+00  -7.07797797  4.18750178 1.0000000
1:9-1:4   -1.176190e+00  -6.80893035  4.45654940 1.0000000
2:9-1:4   -1.897619e+00  -7.53035892  3.73512083 0.9999964
1:10-1:4   3.452381e-01  -5.28750178  5.97797797 1.0000000
2:10-1:4  -1.159524e+00  -6.79226369  4.47321607 1.0000000
1:11-1:4   1.814286e+00  -3.81845416  7.44702559 0.9999989
2:11-1:4   1.126190e+00  -4.50654940  6.75893035 1.0000000
1:12-1:4   5.085714e+00  -0.54702559 10.71845416 0.1392518
2:12-1:4   5.030952e+00  -0.60178750 10.66369226 0.1529262
1:13-1:4   7.261905e+00   1.62916488 12.89464464 0.0012470
2:13-1:4   1.275714e+01   7.12440298 18.38988273 0.0000000
1:14-1:4   1.130000e+01   5.66726012 16.93273988 0.0000000
2:14-1:4   1.435238e+01   8.71964108 19.98512083 0.0000000
1:15-1:4   1.079286e+01   5.16011727 16.42559702 0.0000001
2:15-1:4   1.367381e+01   8.04106965 19.30654940 0.0000000
1:16-1:4   9.916667e+00   4.28392679 15.54940654 0.0000014
2:16-1:4   1.336429e+01   7.73154584 18.99702559 0.0000000
1:17-1:4   8.278571e+00   2.64583155 13.91131131 0.0000966
2:17-1:4   1.159048e+01   5.95773631 17.22321607 0.0000000
1:18-1:4   6.435714e+00   0.80297441 12.06845416 0.0088708
2:18-1:4   8.757143e+00   3.12440298 14.38988273 0.0000281
1:19-1:4   3.623810e+00  -2.00893035  9.25654940 0.7912127
2:19-1:4   4.042857e+00  -1.58988273  9.67559702 0.5767212
1:20-1:4   2.211905e+00  -3.42083512  7.84464464 0.9998542
2:20-1:4   2.161905e+00  -3.47083512  7.79464464 0.9999123
1:21-1:4   1.528571e+00  -4.10416845  7.16131131 1.0000000
2:21-1:4   1.828571e+00  -3.80416845  7.46131131 0.9999986
1:22-1:4   2.228571e+00  -3.40416845  7.86131131 0.9998283
2:22-1:4   2.900000e+00  -2.73273988  8.53273988 0.9811840
1:23-1:4   5.028571e+00  -0.60416845 10.66131131 0.1535440
2:23-1:4   5.709524e+00   0.07678393 11.34226369 0.0428149
1:5-2:4   -3.130952e+00  -8.76369226  2.50178750 0.9496525
2:5-2:4   -8.095238e-01  -6.44226369  4.82321607 1.0000000
1:6-2:4   -2.883333e+00  -8.51607321  2.74940654 0.9826466
2:6-2:4   -3.547619e+00  -9.18035892  2.08512083 0.8240746
1:7-2:4   -4.266667e+00  -9.89940654  1.36607321 0.4567990
2:7-2:4   -3.559524e+00  -9.19226369  2.07321607 0.8191204
1:8-2:4   -2.738095e+00  -8.37083512  2.89464464 0.9919586
2:8-2:4   -3.130952e+00  -8.76369226  2.50178750 0.9496525
1:9-2:4   -2.861905e+00  -8.49464464  2.77083512 0.9843946
2:9-2:4   -3.583333e+00  -9.21607321  2.04940654 0.8090073
1:10-2:4  -1.340476e+00  -6.97321607  4.29226369 1.0000000
2:10-2:4  -2.845238e+00  -8.47797797  2.78750178 0.9856557
1:11-2:4   1.285714e-01  -5.50416845  5.76131131 1.0000000
2:11-2:4  -5.595238e-01  -6.19226369  5.07321607 1.0000000
1:12-2:4   3.400000e+00  -2.23273988  9.03273988 0.8794437
2:12-2:4   3.345238e+00  -2.28750178  8.97797797 0.8969760
1:13-2:4   5.576190e+00  -0.05654940 11.20893035 0.0559608
2:13-2:4   1.107143e+01   5.43868869 16.70416845 0.0000001
1:14-2:4   9.614286e+00   3.98154584 15.24702559 0.0000030
2:14-2:4   1.266667e+01   7.03392679 18.29940654 0.0000000
1:15-2:4   9.107143e+00   3.47440298 14.73988273 0.0000113
2:15-2:4   1.198810e+01   6.35535536 17.62083512 0.0000000
1:16-2:4   8.230952e+00   2.59821250 13.86369226 0.0001091
2:16-2:4   1.167857e+01   6.04583155 17.31131131 0.0000000
1:17-2:4   6.592857e+00   0.96011727 12.22559702 0.0061787
2:17-2:4   9.904762e+00   4.27202203 15.53750178 0.0000014
1:18-2:4   4.750000e+00  -0.88273988 10.38273988 0.2400647
2:18-2:4   7.071429e+00   1.43868869 12.70416845 0.0019838
1:19-2:4   1.938095e+00  -3.69464464  7.57083512 0.9999937
2:19-2:4   2.357143e+00  -3.27559702  7.98988273 0.9994461
1:20-2:4   5.261905e-01  -5.10654940  6.15893035 1.0000000
2:20-2:4   4.761905e-01  -5.15654940  6.10893035 1.0000000
1:21-2:4  -1.571429e-01  -5.78988273  5.47559702 1.0000000
2:21-2:4   1.428571e-01  -5.48988273  5.77559702 1.0000000
1:22-2:4   5.428571e-01  -5.08988273  6.17559702 1.0000000
2:22-2:4   1.214286e+00  -4.41845416  6.84702559 1.0000000
1:23-2:4   3.342857e+00  -2.28988273  8.97559702 0.8977003
2:23-2:4   4.023810e+00  -1.60893035  9.65654940 0.5870816
2:5-1:5    2.321429e+00  -3.31131131  7.95416845 0.9995936
1:6-1:5    2.476190e-01  -5.38512083  5.88035892 1.0000000
2:6-1:5   -4.166667e-01  -6.04940654  5.21607321 1.0000000
1:7-1:5   -1.135714e+00  -6.76845416  4.49702559 1.0000000
2:7-1:5   -4.285714e-01  -6.06131131  5.20416845 1.0000000
1:8-1:5    3.928571e-01  -5.23988273  6.02559702 1.0000000
2:8-1:5    8.881784e-16  -5.63273988  5.63273988 1.0000000
1:9-1:5    2.690476e-01  -5.36369226  5.90178750 1.0000000
2:9-1:5   -4.523810e-01  -6.08512083  5.18035892 1.0000000
1:10-1:5   1.790476e+00  -3.84226369  7.42321607 0.9999992
2:10-1:5   2.857143e-01  -5.34702559  5.91845416 1.0000000
1:11-1:5   3.259524e+00  -2.37321607  8.89226369 0.9210541
2:11-1:5   2.571429e+00  -3.06131131  8.20416845 0.9971598
1:12-1:5   6.530952e+00   0.89821250 12.16369226 0.0071301
2:12-1:5   6.476190e+00   0.84345060 12.10893035 0.0080867
1:13-1:5   8.707143e+00   3.07440298 14.33988273 0.0000320
2:13-1:5   1.420238e+01   8.56964108 19.83512083 0.0000000
1:14-1:5   1.274524e+01   7.11249822 18.37797797 0.0000000
2:14-1:5   1.579762e+01  10.16487917 21.43035892 0.0000000
1:15-1:5   1.223810e+01   6.60535536 17.87083512 0.0000000
2:15-1:5   1.511905e+01   9.48630774 20.75178750 0.0000000
1:16-1:5   1.136190e+01   5.72916488 16.99464464 0.0000000
2:16-1:5   1.480952e+01   9.17678393 20.44226369 0.0000000
1:17-1:5   9.723810e+00   4.09106965 15.35654940 0.0000023
2:17-1:5   1.303571e+01   7.40297441 18.66845416 0.0000000
1:18-1:5   7.880952e+00   2.24821250 13.51369226 0.0002661
2:18-1:5   1.020238e+01   4.56964108 15.83512083 0.0000007
1:19-1:5   5.069048e+00  -0.56369226 10.70178750 0.1433058
2:19-1:5   5.488095e+00  -0.14464464 11.12083512 0.0665027
1:20-1:5   3.657143e+00  -1.97559702  9.28988273 0.7760193
2:20-1:5   3.607143e+00  -2.02559702  9.23988273 0.7986295
1:21-1:5   2.973810e+00  -2.65893035  8.60654940 0.9735241
2:21-1:5   3.273810e+00  -2.35893035  8.90654940 0.9173253
1:22-1:5   3.673810e+00  -1.95893035  9.30654940 0.7682504
2:22-1:5   4.345238e+00  -1.28750178  9.97797797 0.4166434
1:23-1:5   6.473810e+00   0.84106965 12.10654940 0.0081309
2:23-1:5   7.154762e+00   1.52202203 12.78750178 0.0016203
1:6-2:5   -2.073810e+00  -7.70654940  3.55893035 0.9999665
2:6-2:5   -2.738095e+00  -8.37083512  2.89464464 0.9919586
1:7-2:5   -3.457143e+00  -9.08988273  2.17559702 0.8593834
2:7-2:5   -2.750000e+00  -8.38273988  2.88273988 0.9913963
1:8-2:5   -1.928571e+00  -7.56131131  3.70416845 0.9999945
2:8-2:5   -2.321429e+00  -7.95416845  3.31131131 0.9995936
1:9-2:5   -2.052381e+00  -7.68512083  3.58035892 0.9999739
2:9-2:5   -2.773810e+00  -8.40654940  2.85893035 0.9901758
1:10-2:5  -5.309524e-01  -6.16369226  5.10178750 1.0000000
2:10-2:5  -2.035714e+00  -7.66845416  3.59702559 0.9999786
1:11-2:5   9.380952e-01  -4.69464464  6.57083512 1.0000000
2:11-2:5   2.500000e-01  -5.38273988  5.88273988 1.0000000
1:12-2:5   4.209524e+00  -1.42321607  9.84226369 0.4868190
2:12-2:5   4.154762e+00  -1.47797797  9.78750178 0.5160773
1:13-2:5   6.385714e+00   0.75297441 12.01845416 0.0099392
2:13-2:5   1.188095e+01   6.24821250 17.51369226 0.0000000
1:14-2:5   1.042381e+01   4.79106965 16.05654940 0.0000004
2:14-2:5   1.347619e+01   7.84345060 19.10893035 0.0000000
1:15-2:5   9.916667e+00   4.28392679 15.54940654 0.0000014
2:15-2:5   1.279762e+01   7.16487917 18.43035892 0.0000000
1:16-2:5   9.040476e+00   3.40773631 14.67321607 0.0000135
2:16-2:5   1.248810e+01   6.85535536 18.12083512 0.0000000
1:17-2:5   7.402381e+00   1.76964108 13.03512083 0.0008821
2:17-2:5   1.071429e+01   5.08154584 16.34702559 0.0000002
1:18-2:5   5.559524e+00  -0.07321607 11.19226369 0.0578339
2:18-2:5   7.880952e+00   2.24821250 13.51369226 0.0002661
1:19-2:5   2.747619e+00  -2.88512083  8.38035892 0.9915113
2:19-2:5   3.166667e+00  -2.46607321  8.79940654 0.9425832
1:20-2:5   1.335714e+00  -4.29702559  6.96845416 1.0000000
2:20-2:5   1.285714e+00  -4.34702559  6.91845416 1.0000000
1:21-2:5   6.523810e-01  -4.98035892  6.28512083 1.0000000
2:21-2:5   9.523810e-01  -4.68035892  6.58512083 1.0000000
1:22-2:5   1.352381e+00  -4.28035892  6.98512083 1.0000000
2:22-2:5   2.023810e+00  -3.60893035  7.65654940 0.9999814
1:23-2:5   4.152381e+00  -1.48035892  9.78512083 0.5173580
2:23-2:5   4.833333e+00  -0.79940654 10.46607321 0.2111455
2:6-1:6   -6.642857e-01  -6.29702559  4.96845416 1.0000000
1:7-1:6   -1.383333e+00  -7.01607321  4.24940654 1.0000000
2:7-1:6   -6.761905e-01  -6.30893035  4.95654940 1.0000000
1:8-1:6    1.452381e-01  -5.48750178  5.77797797 1.0000000
2:8-1:6   -2.476190e-01  -5.88035892  5.38512083 1.0000000
1:9-1:6    2.142857e-02  -5.61131131  5.65416845 1.0000000
2:9-1:6   -7.000000e-01  -6.33273988  4.93273988 1.0000000
1:10-1:6   1.542857e+00  -4.08988273  7.17559702 1.0000000
2:10-1:6   3.809524e-02  -5.59464464  5.67083512 1.0000000
1:11-1:6   3.011905e+00  -2.62083512  8.64464464 0.9687441
2:11-1:6   2.323810e+00  -3.30893035  7.95654940 0.9995850
1:12-1:6   6.283333e+00   0.65059346 11.91607321 0.0125177
2:12-1:6   6.228571e+00   0.59583155 11.86131131 0.0141437
1:13-1:6   8.459524e+00   2.82678393 14.09226369 0.0000607
2:13-1:6   1.395476e+01   8.32202203 19.58750178 0.0000000
1:14-1:6   1.249762e+01   6.86487917 18.13035892 0.0000000
2:14-1:6   1.555000e+01   9.91726012 21.18273988 0.0000000
1:15-1:6   1.199048e+01   6.35773631 17.62321607 0.0000000
2:15-1:6   1.487143e+01   9.23868869 20.50416845 0.0000000
1:16-1:6   1.111429e+01   5.48154584 16.74702559 0.0000001
2:16-1:6   1.456190e+01   8.92916488 20.19464464 0.0000000
1:17-1:6   9.476190e+00   3.84345060 15.10893035 0.0000043
2:17-1:6   1.278810e+01   7.15535536 18.42083512 0.0000000
1:18-1:6   7.633333e+00   2.00059346 13.26607321 0.0004964
2:18-1:6   9.954762e+00   4.32202203 15.58750178 0.0000012
1:19-1:6   4.821429e+00  -0.81131131 10.45416845 0.2151151
2:19-1:6   5.240476e+00  -0.39226369 10.87321607 0.1058701
1:20-1:6   3.409524e+00  -2.22321607  9.04226369 0.8762246
2:20-1:6   3.359524e+00  -2.27321607  8.99226369 0.8925637
1:21-1:6   2.726190e+00  -2.90654940  8.35893035 0.9924906
2:21-1:6   3.026190e+00  -2.60654940  8.65893035 0.9667946
1:22-1:6   3.426190e+00  -2.20654940  9.05893035 0.8704708
2:22-1:6   4.097619e+00  -1.53512083  9.73035892 0.5469574
1:23-1:6   6.226190e+00   0.59345060 11.85893035 0.0142187
2:23-1:6   6.907143e+00   1.27440298 12.53988273 0.0029457
1:7-2:6   -7.190476e-01  -6.35178750  4.91369226 1.0000000
2:7-2:6   -1.190476e-02  -5.64464464  5.62083512 1.0000000
1:8-2:6    8.095238e-01  -4.82321607  6.44226369 1.0000000
2:8-2:6    4.166667e-01  -5.21607321  6.04940654 1.0000000
1:9-2:6    6.857143e-01  -4.94702559  6.31845416 1.0000000
2:9-2:6   -3.571429e-02  -5.66845416  5.59702559 1.0000000
1:10-2:6   2.207143e+00  -3.42559702  7.83988273 0.9998610
2:10-2:6   7.023810e-01  -4.93035892  6.33512083 1.0000000
1:11-2:6   3.676190e+00  -1.95654940  9.30893035 0.7671315
2:11-2:6   2.988095e+00  -2.64464464  8.62083512 0.9718014
1:12-2:6   6.947619e+00   1.31487917 12.58035892 0.0026736
2:12-2:6   6.892857e+00   1.26011727 12.52559702 0.0030479
1:13-2:6   9.123810e+00   3.49106965 14.75654940 0.0000109
2:13-2:6   1.461905e+01   8.98630774 20.25178750 0.0000000
1:14-2:6   1.316190e+01   7.52916488 18.79464464 0.0000000
2:14-2:6   1.621429e+01  10.58154584 21.84702559 0.0000000
1:15-2:6   1.265476e+01   7.02202203 18.28750178 0.0000000
2:15-2:6   1.553571e+01   9.90297441 21.16845416 0.0000000
1:16-2:6   1.177857e+01   6.14583155 17.41131131 0.0000000
2:16-2:6   1.522619e+01   9.59345060 20.85893035 0.0000000
1:17-2:6   1.014048e+01   4.50773631 15.77321607 0.0000008
2:17-2:6   1.345238e+01   7.81964108 19.08512083 0.0000000
1:18-2:6   8.297619e+00   2.66487917 13.93035892 0.0000920
2:18-2:6   1.061905e+01   4.98630774 16.25178750 0.0000002
1:19-2:6   5.485714e+00  -0.14702559 11.11845416 0.0668103
2:19-2:6   5.904762e+00   0.27202203 11.53750178 0.0285503
1:20-2:6   4.073810e+00  -1.55893035  9.70654940 0.5598877
2:20-2:6   4.023810e+00  -1.60893035  9.65654940 0.5870816
1:21-2:6   3.390476e+00  -2.24226369  9.02321607 0.8826128
2:21-2:6   3.690476e+00  -1.94226369  9.32321607 0.7603722
1:22-2:6   4.090476e+00  -1.54226369  9.72321607 0.5508338
2:22-2:6   4.761905e+00  -0.87083512 10.39464464 0.2357713
1:23-2:6   6.890476e+00   1.25773631 12.52321607 0.0030653
2:23-2:6   7.571429e+00   1.93868869 13.20416845 0.0005795
2:7-1:7    7.071429e-01  -4.92559702  6.33988273 1.0000000
1:8-1:7    1.528571e+00  -4.10416845  7.16131131 1.0000000
2:8-1:7    1.135714e+00  -4.49702559  6.76845416 1.0000000
1:9-1:7    1.404762e+00  -4.22797797  7.03750178 1.0000000
2:9-1:7    6.833333e-01  -4.94940654  6.31607321 1.0000000
1:10-1:7   2.926190e+00  -2.70654940  8.55893035 0.9786939
2:10-1:7   1.421429e+00  -4.21131131  7.05416845 1.0000000
1:11-1:7   4.395238e+00  -1.23750178 10.02797797 0.3919056
2:11-1:7   3.707143e+00  -1.92559702  9.33988273 0.7523889
1:12-1:7   7.666667e+00   2.03392679 13.29940654 0.0004566
2:12-1:7   7.611905e+00   1.97916488 13.24464464 0.0005237
1:13-1:7   9.842857e+00   4.21011727 15.47559702 0.0000017
2:13-1:7   1.533810e+01   9.70535536 20.97083512 0.0000000
1:14-1:7   1.388095e+01   8.24821250 19.51369226 0.0000000
2:14-1:7   1.693333e+01  11.30059346 22.56607321 0.0000000
1:15-1:7   1.337381e+01   7.74106965 19.00654940 0.0000000
2:15-1:7   1.625476e+01  10.62202203 21.88750178 0.0000000
1:16-1:7   1.249762e+01   6.86487917 18.13035892 0.0000000
2:16-1:7   1.594524e+01  10.31249822 21.57797797 0.0000000
1:17-1:7   1.085952e+01   5.22678393 16.49226369 0.0000001
2:17-1:7   1.417143e+01   8.53868869 19.80416845 0.0000000
1:18-1:7   9.016667e+00   3.38392679 14.64940654 0.0000143
2:18-1:7   1.133810e+01   5.70535536 16.97083512 0.0000000
1:19-1:7   6.204762e+00   0.57202203 11.83750178 0.0149108
2:19-1:7   6.623810e+00   0.99106965 12.25654940 0.0057497
1:20-1:7   4.792857e+00  -0.83988273 10.42559702 0.2248617
2:20-1:7   4.742857e+00  -0.88988273 10.37559702 0.2426667
1:21-1:7   4.109524e+00  -1.52321607  9.74226369 0.5405031
2:21-1:7   4.409524e+00  -1.22321607 10.04226369 0.3849677
1:22-1:7   4.809524e+00  -0.82321607 10.44226369 0.2191385
2:22-1:7   5.480952e+00  -0.15178750 11.11369226 0.0674293
1:23-1:7   7.609524e+00   1.97678393 13.24226369 0.0005269
2:23-1:7   8.290476e+00   2.65773631 13.92321607 0.0000937
1:8-2:7    8.214286e-01  -4.81131131  6.45416845 1.0000000
2:8-2:7    4.285714e-01  -5.20416845  6.06131131 1.0000000
1:9-2:7    6.976190e-01  -4.93512083  6.33035892 1.0000000
2:9-2:7   -2.380952e-02  -5.65654940  5.60893035 1.0000000
1:10-2:7   2.219048e+00  -3.41369226  7.85178750 0.9998436
2:10-2:7   7.142857e-01  -4.91845416  6.34702559 1.0000000
1:11-2:7   3.688095e+00  -1.94464464  9.32083512 0.7615042
2:11-2:7   3.000000e+00  -2.63273988  8.63273988 0.9703022
1:12-2:7   6.959524e+00   1.32678393 12.59226369 0.0025983
2:12-2:7   6.904762e+00   1.27202203 12.53750178 0.0029625
1:13-2:7   9.135714e+00   3.50297441 14.76845416 0.0000105
2:13-2:7   1.463095e+01   8.99821250 20.26369226 0.0000000
1:14-2:7   1.317381e+01   7.54106965 18.80654940 0.0000000
2:14-2:7   1.622619e+01  10.59345060 21.85893035 0.0000000
1:15-2:7   1.266667e+01   7.03392679 18.29940654 0.0000000
2:15-2:7   1.554762e+01   9.91487917 21.18035892 0.0000000
1:16-2:7   1.179048e+01   6.15773631 17.42321607 0.0000000
2:16-2:7   1.523810e+01   9.60535536 20.87083512 0.0000000
1:17-2:7   1.015238e+01   4.51964108 15.78512083 0.0000007
2:17-2:7   1.346429e+01   7.83154584 19.09702559 0.0000000
1:18-2:7   8.309524e+00   2.67678393 13.94226369 0.0000892
2:18-2:7   1.063095e+01   4.99821250 16.26369226 0.0000002
1:19-2:7   5.497619e+00  -0.13512083 11.13035892 0.0652847
2:19-2:7   5.916667e+00   0.28392679 11.54940654 0.0278403
1:20-2:7   4.085714e+00  -1.54702559  9.71845416 0.5534195
2:20-2:7   4.035714e+00  -1.59702559  9.66845416 0.5806068
1:21-2:7   3.402381e+00  -2.23035892  9.03512083 0.8786436
2:21-2:7   3.702381e+00  -1.93035892  9.33512083 0.7546803
1:22-2:7   4.102381e+00  -1.53035892  9.73512083 0.5443746
2:22-2:7   4.773810e+00  -0.85893035 10.40654940 0.2315321
1:23-2:7   6.902381e+00   1.26964108 12.53512083 0.0029794
2:23-2:7   7.583333e+00   1.95059346 13.21607321 0.0005625
2:8-1:8   -3.928571e-01  -6.02559702  5.23988273 1.0000000
1:9-1:8   -1.238095e-01  -5.75654940  5.50893035 1.0000000
2:9-1:8   -8.452381e-01  -6.47797797  4.78750178 1.0000000
1:10-1:8   1.397619e+00  -4.23512083  7.03035892 1.0000000
2:10-1:8  -1.071429e-01  -5.73988273  5.52559702 1.0000000
1:11-1:8   2.866667e+00  -2.76607321  8.49940654 0.9840187
2:11-1:8   2.178571e+00  -3.45416845  7.81131131 0.9998958
1:12-1:8   6.138095e+00   0.50535536 11.77083512 0.0172709
2:12-1:8   6.083333e+00   0.45059346 11.71607321 0.0194657
1:13-1:8   8.314286e+00   2.68154584 13.94702559 0.0000881
2:13-1:8   1.380952e+01   8.17678393 19.44226369 0.0000000
1:14-1:8   1.235238e+01   6.71964108 17.98512083 0.0000000
2:14-1:8   1.540476e+01   9.77202203 21.03750178 0.0000000
1:15-1:8   1.184524e+01   6.21249822 17.47797797 0.0000000
2:15-1:8   1.472619e+01   9.09345060 20.35893035 0.0000000
1:16-1:8   1.096905e+01   5.33630774 16.60178750 0.0000001
2:16-1:8   1.441667e+01   8.78392679 20.04940654 0.0000000
1:17-1:8   9.330952e+00   3.69821250 14.96369226 0.0000063
2:17-1:8   1.264286e+01   7.01011727 18.27559702 0.0000000
1:18-1:8   7.488095e+00   1.85535536 13.12083512 0.0007132
2:18-1:8   9.809524e+00   4.17678393 15.44226369 0.0000018
1:19-1:8   4.676190e+00  -0.95654940 10.30893035 0.2678892
2:19-1:8   5.095238e+00  -0.53750178 10.72797797 0.1369768
1:20-1:8   3.264286e+00  -2.36845416  8.89702559 0.9198237
2:20-1:8   3.214286e+00  -2.41845416  8.84702559 0.9321227
1:21-1:8   2.580952e+00  -3.05178750  8.21369226 0.9969706
2:21-1:8   2.880952e+00  -2.75178750  8.51369226 0.9828481
1:22-1:8   3.280952e+00  -2.35178750  8.91369226 0.9154185
2:22-1:8   3.952381e+00  -1.68035892  9.58512083 0.6258023
1:23-1:8   6.080952e+00   0.44821250 11.71369226 0.0195668
2:23-1:8   6.761905e+00   1.12916488 12.39464464 0.0041594
1:9-2:8    2.690476e-01  -5.36369226  5.90178750 1.0000000
2:9-2:8   -4.523810e-01  -6.08512083  5.18035892 1.0000000
1:10-2:8   1.790476e+00  -3.84226369  7.42321607 0.9999992
2:10-2:8   2.857143e-01  -5.34702559  5.91845416 1.0000000
1:11-2:8   3.259524e+00  -2.37321607  8.89226369 0.9210541
2:11-2:8   2.571429e+00  -3.06131131  8.20416845 0.9971598
1:12-2:8   6.530952e+00   0.89821250 12.16369226 0.0071301
2:12-2:8   6.476190e+00   0.84345060 12.10893035 0.0080867
1:13-2:8   8.707143e+00   3.07440298 14.33988273 0.0000320
2:13-2:8   1.420238e+01   8.56964108 19.83512083 0.0000000
1:14-2:8   1.274524e+01   7.11249822 18.37797797 0.0000000
2:14-2:8   1.579762e+01  10.16487917 21.43035892 0.0000000
1:15-2:8   1.223810e+01   6.60535536 17.87083512 0.0000000
2:15-2:8   1.511905e+01   9.48630774 20.75178750 0.0000000
1:16-2:8   1.136190e+01   5.72916488 16.99464464 0.0000000
2:16-2:8   1.480952e+01   9.17678393 20.44226369 0.0000000
1:17-2:8   9.723810e+00   4.09106965 15.35654940 0.0000023
2:17-2:8   1.303571e+01   7.40297441 18.66845416 0.0000000
1:18-2:8   7.880952e+00   2.24821250 13.51369226 0.0002661
2:18-2:8   1.020238e+01   4.56964108 15.83512083 0.0000007
1:19-2:8   5.069048e+00  -0.56369226 10.70178750 0.1433058
2:19-2:8   5.488095e+00  -0.14464464 11.12083512 0.0665027
1:20-2:8   3.657143e+00  -1.97559702  9.28988273 0.7760193
2:20-2:8   3.607143e+00  -2.02559702  9.23988273 0.7986295
1:21-2:8   2.973810e+00  -2.65893035  8.60654940 0.9735241
2:21-2:8   3.273810e+00  -2.35893035  8.90654940 0.9173253
1:22-2:8   3.673810e+00  -1.95893035  9.30654940 0.7682504
2:22-2:8   4.345238e+00  -1.28750178  9.97797797 0.4166434
1:23-2:8   6.473810e+00   0.84106965 12.10654940 0.0081309
2:23-2:8   7.154762e+00   1.52202203 12.78750178 0.0016203
2:9-1:9   -7.214286e-01  -6.35416845  4.91131131 1.0000000
1:10-1:9   1.521429e+00  -4.11131131  7.15416845 1.0000000
2:10-1:9   1.666667e-02  -5.61607321  5.64940654 1.0000000
1:11-1:9   2.990476e+00  -2.64226369  8.62321607 0.9715062
2:11-1:9   2.302381e+00  -3.33035892  7.93512083 0.9996572
1:12-1:9   6.261905e+00   0.62916488 11.89464464 0.0131318
2:12-1:9   6.207143e+00   0.57440298 11.83988273 0.0148323
1:13-1:9   8.438095e+00   2.80535536 14.07083512 0.0000641
2:13-1:9   1.393333e+01   8.30059346 19.56607321 0.0000000
1:14-1:9   1.247619e+01   6.84345060 18.10893035 0.0000000
2:14-1:9   1.552857e+01   9.89583155 21.16131131 0.0000000
1:15-1:9   1.196905e+01   6.33630774 17.60178750 0.0000000
2:15-1:9   1.485000e+01   9.21726012 20.48273988 0.0000000
1:16-1:9   1.109286e+01   5.46011727 16.72559702 0.0000001
2:16-1:9   1.454048e+01   8.90773631 20.17321607 0.0000000
1:17-1:9   9.454762e+00   3.82202203 15.08750178 0.0000046
2:17-1:9   1.276667e+01   7.13392679 18.39940654 0.0000000
1:18-1:9   7.611905e+00   1.97916488 13.24464464 0.0005237
2:18-1:9   9.933333e+00   4.30059346 15.56607321 0.0000013
1:19-1:9   4.800000e+00  -0.83273988 10.43273988 0.2223959
2:19-1:9   5.219048e+00  -0.41369226 10.85178750 0.1100525
1:20-1:9   3.388095e+00  -2.24464464  9.02083512 0.8833971
2:20-1:9   3.338095e+00  -2.29464464  8.97083512 0.8991394
1:21-1:9   2.704762e+00  -2.92797797  8.33750178 0.9933755
2:21-1:9   3.004762e+00  -2.62797797  8.63750178 0.9696862
1:22-1:9   3.404762e+00  -2.22797797  9.03750178 0.8778404
2:22-1:9   4.076190e+00  -1.55654940  9.70893035 0.5585936
1:23-1:9   6.204762e+00   0.57202203 11.83750178 0.0149108
2:23-1:9   6.885714e+00   1.25297441 12.51845416 0.0031003
1:10-2:9   2.242857e+00  -3.38988273  7.87559702 0.9998029
2:10-2:9   7.380952e-01  -4.89464464  6.37083512 1.0000000
1:11-2:9   3.711905e+00  -1.92083512  9.34464464 0.7500893
2:11-2:9   3.023810e+00  -2.60893035  8.65654940 0.9671256
1:12-2:9   6.983333e+00   1.35059346 12.61607321 0.0024538
2:12-2:9   6.928571e+00   1.29583155 12.56131131 0.0027984
1:13-2:9   9.159524e+00   3.52678393 14.79226369 0.0000099
2:13-2:9   1.465476e+01   9.02202203 20.28750178 0.0000000
1:14-2:9   1.319762e+01   7.56487917 18.83035892 0.0000000
2:14-2:9   1.625000e+01  10.61726012 21.88273988 0.0000000
1:15-2:9   1.269048e+01   7.05773631 18.32321607 0.0000000
2:15-2:9   1.557143e+01   9.93868869 21.20416845 0.0000000
1:16-2:9   1.181429e+01   6.18154584 17.44702559 0.0000000
2:16-2:9   1.526190e+01   9.62916488 20.89464464 0.0000000
1:17-2:9   1.017619e+01   4.54345060 15.80893035 0.0000007
2:17-2:9   1.348810e+01   7.85535536 19.12083512 0.0000000
1:18-2:9   8.333333e+00   2.70059346 13.96607321 0.0000839
2:18-2:9   1.065476e+01   5.02202203 16.28750178 0.0000002
1:19-2:9   5.521429e+00  -0.11131131 11.15416845 0.0623247
2:19-2:9   5.940476e+00   0.30773631 11.57321607 0.0264688
1:20-2:9   4.109524e+00  -1.52321607  9.74226369 0.5405031
2:20-2:9   4.059524e+00  -1.57321607  9.69226369 0.5676552
1:21-2:9   3.426190e+00  -2.20654940  9.05893035 0.8704708
2:21-2:9   3.726190e+00  -1.90654940  9.35893035 0.7431421
1:22-2:9   4.126190e+00  -1.50654940  9.75893035 0.5314834
2:22-2:9   4.797619e+00  -0.83512083 10.43035892 0.2232157
1:23-2:9   6.926190e+00   1.29345060 12.55893035 0.0028144
2:23-2:9   7.607143e+00   1.97440298 13.23988273 0.0005300
2:10-1:10 -1.504762e+00  -7.13750178  4.12797797 1.0000000
1:11-1:10  1.469048e+00  -4.16369226  7.10178750 1.0000000
2:11-1:10  7.809524e-01  -4.85178750  6.41369226 1.0000000
1:12-1:10  4.740476e+00  -0.89226369 10.37321607 0.2435384
2:12-1:10  4.685714e+00  -0.94702559 10.31845416 0.2641826
1:13-1:10  6.916667e+00   1.28392679 12.54940654 0.0028793
2:13-1:10  1.241190e+01   6.77916488 18.04464464 0.0000000
1:14-1:10  1.095476e+01   5.32202203 16.58750178 0.0000001
2:14-1:10  1.400714e+01   8.37440298 19.63988273 0.0000000
1:15-1:10  1.044762e+01   4.81487917 16.08035892 0.0000003
2:15-1:10  1.332857e+01   7.69583155 18.96131131 0.0000000
1:16-1:10  9.571429e+00   3.93868869 15.20416845 0.0000034
2:16-1:10  1.301905e+01   7.38630774 18.65178750 0.0000000
1:17-1:10  7.933333e+00   2.30059346 13.56607321 0.0002330
2:17-1:10  1.124524e+01   5.61249822 16.87797797 0.0000000
1:18-1:10  6.090476e+00   0.45773631 11.72321607 0.0191654
2:18-1:10  8.411905e+00   2.77916488 14.04464464 0.0000686
1:19-1:10  3.278571e+00  -2.35416845  8.91131131 0.9160572
2:19-1:10  3.697619e+00  -1.93512083  9.33035892 0.7569634
1:20-1:10  1.866667e+00  -3.76607321  7.49940654 0.9999976
2:20-1:10  1.816667e+00  -3.81607321  7.44940654 0.9999989
1:21-1:10  1.183333e+00  -4.44940654  6.81607321 1.0000000
2:21-1:10  1.483333e+00  -4.14940654  7.11607321 1.0000000
1:22-1:10  1.883333e+00  -3.74940654  7.51607321 0.9999970
2:22-1:10  2.554762e+00  -3.07797797  8.18750178 0.9974669
1:23-1:10  4.683333e+00  -0.94940654 10.31607321 0.2651061
2:23-1:10  5.364286e+00  -0.26845416 10.99702559 0.0842335
1:11-2:10  2.973810e+00  -2.65893035  8.60654940 0.9735241
2:11-2:10  2.285714e+00  -3.34702559  7.91845416 0.9997054
1:12-2:10  6.245238e+00   0.61249822 11.87797797 0.0136290
2:12-2:10  6.190476e+00   0.55773631 11.82321607 0.0153895
1:13-2:10  8.421429e+00   2.78868869 14.05416845 0.0000669
2:13-2:10  1.391667e+01   8.28392679 19.54940654 0.0000000
1:14-2:10  1.245952e+01   6.82678393 18.09226369 0.0000000
2:14-2:10  1.551190e+01   9.87916488 21.14464464 0.0000000
1:15-2:10  1.195238e+01   6.31964108 17.58512083 0.0000000
2:15-2:10  1.483333e+01   9.20059346 20.46607321 0.0000000
1:16-2:10  1.107619e+01   5.44345060 16.70893035 0.0000001
2:16-2:10  1.452381e+01   8.89106965 20.15654940 0.0000000
1:17-2:10  9.438095e+00   3.80535536 15.07083512 0.0000048
2:17-2:10  1.275000e+01   7.11726012 18.38273988 0.0000000
1:18-2:10  7.595238e+00   1.96249822 13.22797797 0.0005460
2:18-2:10  9.916667e+00   4.28392679 15.54940654 0.0000014
1:19-2:10  4.783333e+00  -0.84940654 10.41607321 0.2281796
2:19-2:10  5.202381e+00  -0.43035892 10.83512083 0.1133997
1:20-2:10  3.371429e+00  -2.26131131  9.00416845 0.8887996
2:20-2:10  3.321429e+00  -2.31131131  8.95416845 0.9040761
1:21-2:10  2.688095e+00  -2.94464464  8.32083512 0.9940029
2:21-2:10  2.988095e+00  -2.64464464  8.62083512 0.9718014
1:22-2:10  3.388095e+00  -2.24464464  9.02083512 0.8833971
2:22-2:10  4.059524e+00  -1.57321607  9.69226369 0.5676552
1:23-2:10  6.188095e+00   0.55535536 11.82083512 0.0154707
2:23-2:10  6.869048e+00   1.23630774 12.50178750 0.0032260
2:11-1:11 -6.880952e-01  -6.32083512  4.94464464 1.0000000
1:12-1:11  3.271429e+00  -2.36131131  8.90416845 0.9179546
2:12-1:11  3.216667e+00  -2.41607321  8.84940654 0.9315679
1:13-1:11  5.447619e+00  -0.18512083 11.08035892 0.0719038
2:13-1:11  1.094286e+01   5.31011727 16.57559702 0.0000001
1:14-1:11  9.485714e+00   3.85297441 15.11845416 0.0000042
2:14-1:11  1.253810e+01   6.90535536 18.17083512 0.0000000
1:15-1:11  8.978571e+00   3.34583155 14.61131131 0.0000158
2:15-1:11  1.185952e+01   6.22678393 17.49226369 0.0000000
1:16-1:11  8.102381e+00   2.46964108 13.73512083 0.0001516
2:16-1:11  1.155000e+01   5.91726012 17.18273988 0.0000000
1:17-1:11  6.464286e+00   0.83154584 12.09702559 0.0083102
2:17-1:11  9.776190e+00   4.14345060 15.40893035 0.0000020
1:18-1:11  4.621429e+00  -1.01131131 10.25416845 0.2898639
2:18-1:11  6.942857e+00   1.31011727 12.57559702 0.0027043
1:19-1:11  1.809524e+00  -3.82321607  7.44226369 0.9999990
2:19-1:11  2.228571e+00  -3.40416845  7.86131131 0.9998283
1:20-1:11  3.976190e-01  -5.23512083  6.03035892 1.0000000
2:20-1:11  3.476190e-01  -5.28512083  5.98035892 1.0000000
1:21-1:11 -2.857143e-01  -5.91845416  5.34702559 1.0000000
2:21-1:11  1.428571e-02  -5.61845416  5.64702559 1.0000000
1:22-1:11  4.142857e-01  -5.21845416  6.04702559 1.0000000
2:22-1:11  1.085714e+00  -4.54702559  6.71845416 1.0000000
1:23-1:11  3.214286e+00  -2.41845416  8.84702559 0.9321227
2:23-1:11  3.895238e+00  -1.73750178  9.52797797 0.6564320
1:12-2:11  3.959524e+00  -1.67321607  9.59226369 0.6219465
2:12-2:11  3.904762e+00  -1.72797797  9.53750178 0.6513584
1:13-2:11  6.135714e+00   0.50297441 11.76845416 0.0173613
2:13-2:11  1.163095e+01   5.99821250 17.26369226 0.0000000
1:14-2:11  1.017381e+01   4.54106965 15.80654940 0.0000007
2:14-2:11  1.322619e+01   7.59345060 18.85893035 0.0000000
1:15-2:11  9.666667e+00   4.03392679 15.29940654 0.0000026
2:15-2:11  1.254762e+01   6.91487917 18.18035892 0.0000000
1:16-2:11  8.790476e+00   3.15773631 14.42321607 0.0000258
2:16-2:11  1.223810e+01   6.60535536 17.87083512 0.0000000
1:17-2:11  7.152381e+00   1.51964108 12.78512083 0.0016298
2:17-2:11  1.046429e+01   4.83154584 16.09702559 0.0000003
1:18-2:11  5.309524e+00  -0.32321607 10.94226369 0.0932886
2:18-2:11  7.630952e+00   1.99821250 13.26369226 0.0004994
1:19-2:11  2.497619e+00  -3.13512083  8.13035892 0.9983153
2:19-2:11  2.916667e+00  -2.71607321  8.54940654 0.9796272
1:20-2:11  1.085714e+00  -4.54702559  6.71845416 1.0000000
2:20-2:11  1.035714e+00  -4.59702559  6.66845416 1.0000000
1:21-2:11  4.023810e-01  -5.23035892  6.03512083 1.0000000
2:21-2:11  7.023810e-01  -4.93035892  6.33512083 1.0000000
1:22-2:11  1.102381e+00  -4.53035892  6.73512083 1.0000000
2:22-2:11  1.773810e+00  -3.85893035  7.40654940 0.9999994
1:23-2:11  3.902381e+00  -1.73035892  9.53512083 0.6526281
2:23-2:11  4.583333e+00  -1.04940654 10.21607321 0.3058069
2:12-1:12 -5.476190e-02  -5.68750178  5.57797797 1.0000000
1:13-1:12  2.176190e+00  -3.45654940  7.80893035 0.9998984
2:13-1:12  7.671429e+00   2.03868869 13.30416845 0.0004512
1:14-1:12  6.214286e+00   0.58154584 11.84702559 0.0145994
2:14-1:12  9.266667e+00   3.63392679 14.89940654 0.0000075
1:15-1:12  5.707143e+00   0.07440298 11.33988273 0.0430229
2:15-1:12  8.588095e+00   2.95535536 14.22083512 0.0000435
1:16-1:12  4.830952e+00  -0.80178750 10.46369226 0.2119352
2:16-1:12  8.278571e+00   2.64583155 13.91131131 0.0000966
1:17-1:12  3.192857e+00  -2.43988273  8.82559702 0.9369788
2:17-1:12  6.504762e+00   0.87202203 12.13750178 0.0075734
1:18-1:12  1.350000e+00  -4.28273988  6.98273988 1.0000000
2:18-1:12  3.671429e+00  -1.96131131  9.30416845 0.7693670
1:19-1:12 -1.461905e+00  -7.09464464  4.17083512 1.0000000
2:19-1:12 -1.042857e+00  -6.67559702  4.58988273 1.0000000
1:20-1:12 -2.873810e+00  -8.50654940  2.75893035 0.9834415
2:20-1:12 -2.923810e+00  -8.55654940  2.70893035 0.9789303
1:21-1:12 -3.557143e+00  -9.18988273  2.07559702 0.8201167
2:21-1:12 -3.257143e+00  -8.88988273  2.37559702 0.9216647
1:22-1:12 -2.857143e+00  -8.48988273  2.77559702 0.9847635
2:22-1:12 -2.185714e+00  -7.81845416  3.44702559 0.9998879
1:23-1:12 -5.714286e-02  -5.68988273  5.57559702 1.0000000
2:23-1:12  6.238095e-01  -5.00893035  6.25654940 1.0000000
1:13-2:12  2.230952e+00  -3.40178750  7.86369226 0.9998243
2:13-2:12  7.726190e+00   2.09345060 13.35893035 0.0003932
1:14-2:12  6.269048e+00   0.63630774 11.90178750 0.0129241
2:14-2:12  9.321429e+00   3.68868869 14.95416845 0.0000065
1:15-2:12  5.761905e+00   0.12916488 11.39464464 0.0384610
2:15-2:12  8.642857e+00   3.01011727 14.27559702 0.0000378
1:16-2:12  4.885714e+00  -0.74702559 10.51845416 0.1943145
2:16-2:12  8.333333e+00   2.70059346 13.96607321 0.0000839
1:17-2:12  3.247619e+00  -2.38512083  8.88035892 0.9240755
2:17-2:12  6.559524e+00   0.92678393 12.19226369 0.0066749
1:18-2:12  1.404762e+00  -4.22797797  7.03750178 1.0000000
2:18-2:12  3.726190e+00  -1.90654940  9.35893035 0.7431421
1:19-2:12 -1.407143e+00  -7.03988273  4.22559702 1.0000000
2:19-2:12 -9.880952e-01  -6.62083512  4.64464464 1.0000000
1:20-2:12 -2.819048e+00  -8.45178750  2.81369226 0.9874731
2:20-2:12 -2.869048e+00  -8.50178750  2.76369226 0.9838281
1:21-2:12 -3.502381e+00  -9.13512083  2.13035892 0.8422574
2:21-2:12 -3.202381e+00  -8.83512083  2.43035892 0.9348509
1:22-2:12 -2.802381e+00  -8.43512083  2.83035892 0.9885305
2:22-2:12 -2.130952e+00  -7.76369226  3.50178750 0.9999369
1:23-2:12 -2.380952e-03  -5.63512083  5.63035892 1.0000000
2:23-2:12  6.785714e-01  -4.95416845  6.31131131 1.0000000
2:13-1:13  5.495238e+00  -0.13750178 11.12797797 0.0655873
1:14-1:13  4.038095e+00  -1.59464464  9.67083512 0.5793116
2:14-1:13  7.090476e+00   1.45773631 12.72321607 0.0018943
1:15-1:13  3.530952e+00  -2.10178750  9.16369226 0.8308934
2:15-1:13  6.411905e+00   0.77916488 12.04464464 0.0093652
1:16-1:13  2.654762e+00  -2.97797797  8.28750178 0.9951110
2:16-1:13  6.102381e+00   0.46964108 11.73512083 0.0186744
1:17-1:13  1.016667e+00  -4.61607321  6.64940654 1.0000000
2:17-1:13  4.328571e+00  -1.30416845  9.96131131 0.4250378
1:18-1:13 -8.261905e-01  -6.45893035  4.80654940 1.0000000
2:18-1:13  1.495238e+00  -4.13750178  7.12797797 1.0000000
1:19-1:13 -3.638095e+00  -9.27083512  1.99464464 0.7847588
2:19-1:13 -3.219048e+00  -8.85178750  2.41369226 0.9310100
1:20-1:13 -5.050000e+00 -10.68273988  0.58273988 0.1480539
2:20-1:13 -5.100000e+00 -10.73273988  0.53273988 0.1358507
1:21-1:13 -5.733333e+00 -11.36607321 -0.10059346 0.0407836
2:21-1:13 -5.433333e+00 -11.06607321  0.19940654 0.0738992
1:22-1:13 -5.033333e+00 -10.66607321  0.59940654 0.1523103
2:22-1:13 -4.361905e+00  -9.99464464  1.27083512 0.4083214
1:23-1:13 -2.233333e+00  -7.86607321  3.39940654 0.9998202
2:23-1:13 -1.552381e+00  -7.18512083  4.08035892 1.0000000
1:14-2:13 -1.457143e+00  -7.08988273  4.17559702 1.0000000
2:14-2:13  1.595238e+00  -4.03750178  7.22797797 1.0000000
1:15-2:13 -1.964286e+00  -7.59702559  3.66845416 0.9999911
2:15-2:13  9.166667e-01  -4.71607321  6.54940654 1.0000000
1:16-2:13 -2.840476e+00  -8.47321607  2.79226369 0.9860008
2:16-2:13  6.071429e-01  -5.02559702  6.23988273 1.0000000
1:17-2:13 -4.478571e+00 -10.11131131  1.15416845 0.3523159
2:17-2:13 -1.166667e+00  -6.79940654  4.46607321 1.0000000
1:18-2:13 -6.321429e+00 -11.95416845 -0.68868869 0.0114922
2:18-2:13 -4.000000e+00  -9.63273988  1.63273988 0.6000202
1:19-2:13 -9.133333e+00 -14.76607321 -3.50059346 0.0000106
2:19-2:13 -8.714286e+00 -14.34702559 -3.08154584 0.0000314
1:20-2:13 -1.054524e+01 -16.17797797 -4.91249822 0.0000003
2:20-2:13 -1.059524e+01 -16.22797797 -4.96249822 0.0000002
1:21-2:13 -1.122857e+01 -16.86131131 -5.59583155 0.0000000
2:21-2:13 -1.092857e+01 -16.56131131 -5.29583155 0.0000001
1:22-2:13 -1.052857e+01 -16.16131131 -4.89583155 0.0000003
2:22-2:13 -9.857143e+00 -15.48988273 -4.22440298 0.0000016
1:23-2:13 -7.728571e+00 -13.36131131 -2.09583155 0.0003909
2:23-2:13 -7.047619e+00 -12.68035892 -1.41487917 0.0021015
2:14-1:14  3.052381e+00  -2.58035892  8.68512083 0.9629879
1:15-1:14 -5.071429e-01  -6.13988273  5.12559702 1.0000000
2:15-1:14  2.373810e+00  -3.25893035  8.00654940 0.9993624
1:16-1:14 -1.383333e+00  -7.01607321  4.24940654 1.0000000
2:16-1:14  2.064286e+00  -3.56845416  7.69702559 0.9999700
1:17-1:14 -3.021429e+00  -8.65416845  2.61131131 0.9674542
2:17-1:14  2.904762e-01  -5.34226369  5.92321607 1.0000000
1:18-1:14 -4.864286e+00 -10.49702559  0.76845416 0.2010753
2:18-1:14 -2.542857e+00  -8.17559702  3.08988273 0.9976686
1:19-1:14 -7.676190e+00 -13.30893035 -2.04345060 0.0004458
2:19-1:14 -7.257143e+00 -12.88988273 -1.62440298 0.0012616
1:20-1:14 -9.088095e+00 -14.72083512 -3.45535536 0.0000119
2:20-1:14 -9.138095e+00 -14.77083512 -3.50535536 0.0000105
1:21-1:14 -9.771429e+00 -15.40416845 -4.13868869 0.0000020
2:21-1:14 -9.471429e+00 -15.10416845 -3.83868869 0.0000044
1:22-1:14 -9.071429e+00 -14.70416845 -3.43868869 0.0000124
2:22-1:14 -8.400000e+00 -14.03273988 -2.76726012 0.0000707
1:23-1:14 -6.271429e+00 -11.90416845 -0.63868869 0.0128555
2:23-1:14 -5.590476e+00 -11.22321607  0.04226369 0.0543983
1:15-2:14 -3.559524e+00  -9.19226369  2.07321607 0.8191204
2:15-2:14 -6.785714e-01  -6.31131131  4.95416845 1.0000000
1:16-2:14 -4.435714e+00 -10.06845416  1.19702559 0.3724069
2:16-2:14 -9.880952e-01  -6.62083512  4.64464464 1.0000000
1:17-2:14 -6.073810e+00 -11.70654940 -0.44106965 0.0198730
2:17-2:14 -2.761905e+00  -8.39464464  2.87083512 0.9908025
1:18-2:14 -7.916667e+00 -13.54940654 -2.28392679 0.0002431
2:18-2:14 -5.595238e+00 -11.22797797  0.03750178 0.0538861
1:19-2:14 -1.072857e+01 -16.36131131 -5.09583155 0.0000002
2:19-2:14 -1.030952e+01 -15.94226369 -4.67678393 0.0000005
1:20-2:14 -1.214048e+01 -17.77321607 -6.50773631 0.0000000
2:20-2:14 -1.219048e+01 -17.82321607 -6.55773631 0.0000000
1:21-2:14 -1.282381e+01 -18.45654940 -7.19106965 0.0000000
2:21-2:14 -1.252381e+01 -18.15654940 -6.89106965 0.0000000
1:22-2:14 -1.212381e+01 -17.75654940 -6.49106965 0.0000000
2:22-2:14 -1.145238e+01 -17.08512083 -5.81964108 0.0000000
1:23-2:14 -9.323810e+00 -14.95654940 -3.69106965 0.0000065
2:23-2:14 -8.642857e+00 -14.27559702 -3.01011727 0.0000378
2:15-1:15  2.880952e+00  -2.75178750  8.51369226 0.9828481
1:16-1:15 -8.761905e-01  -6.50893035  4.75654940 1.0000000
2:16-1:15  2.571429e+00  -3.06131131  8.20416845 0.9971598
1:17-1:15 -2.514286e+00  -8.14702559  3.11845416 0.9980977
2:17-1:15  7.976190e-01  -4.83512083  6.43035892 1.0000000
1:18-1:15 -4.357143e+00  -9.98988273  1.27559702 0.4106915
2:18-1:15 -2.035714e+00  -7.66845416  3.59702559 0.9999786
1:19-1:15 -7.169048e+00 -12.80178750 -1.53630774 0.0015649
2:19-1:15 -6.750000e+00 -12.38273988 -1.11726012 0.0042778
1:20-1:15 -8.580952e+00 -14.21369226 -2.94821250 0.0000444
2:20-1:15 -8.630952e+00 -14.26369226 -2.99821250 0.0000390
1:21-1:15 -9.264286e+00 -14.89702559 -3.63154584 0.0000075
2:21-1:15 -8.964286e+00 -14.59702559 -3.33154584 0.0000164
1:22-1:15 -8.564286e+00 -14.19702559 -2.93154584 0.0000463
2:22-1:15 -7.892857e+00 -13.52559702 -2.26011727 0.0002582
1:23-1:15 -5.764286e+00 -11.39702559 -0.13154584 0.0382730
2:23-1:15 -5.083333e+00 -10.71607321  0.54940654 0.1398252
1:16-2:15 -3.757143e+00  -9.38988273  1.87559702 0.7278529
2:16-2:15 -3.095238e-01  -5.94226369  5.32321607 1.0000000
1:17-2:15 -5.395238e+00 -11.02797797  0.23750178 0.0794564
2:17-2:15 -2.083333e+00  -7.71607321  3.54940654 0.9999627
1:18-2:15 -7.238095e+00 -12.87083512 -1.60535536 0.0013219
2:18-2:15 -4.916667e+00 -10.54940654  0.71607321 0.1848508
1:19-2:15 -1.005000e+01 -15.68273988 -4.41726012 0.0000010
2:19-2:15 -9.630952e+00 -15.26369226 -3.99821250 0.0000029
1:20-2:15 -1.146190e+01 -17.09464464 -5.82916488 0.0000000
2:20-2:15 -1.151190e+01 -17.14464464 -5.87916488 0.0000000
1:21-2:15 -1.214524e+01 -17.77797797 -6.51249822 0.0000000
2:21-2:15 -1.184524e+01 -17.47797797 -6.21249822 0.0000000
1:22-2:15 -1.144524e+01 -17.07797797 -5.81249822 0.0000000
2:22-2:15 -1.077381e+01 -16.40654940 -5.14106965 0.0000001
1:23-2:15 -8.645238e+00 -14.27797797 -3.01249822 0.0000376
2:23-2:15 -7.964286e+00 -13.59702559 -2.33154584 0.0002154
2:16-1:16  3.447619e+00  -2.18512083  9.08035892 0.8628501
1:17-1:16 -1.638095e+00  -7.27083512  3.99464464 0.9999999
2:17-1:16  1.673810e+00  -3.95893035  7.30654940 0.9999999
1:18-1:16 -3.480952e+00  -9.11369226  2.15178750 0.8505042
2:18-1:16 -1.159524e+00  -6.79226369  4.47321607 1.0000000
1:19-1:16 -6.292857e+00 -11.92559702 -0.66011727 0.0122536
2:19-1:16 -5.873810e+00 -11.50654940 -0.24106965 0.0304745
1:20-1:16 -7.704762e+00 -13.33750178 -2.07202203 0.0004150
2:20-1:16 -7.754762e+00 -13.38750178 -2.12202203 0.0003659
1:21-1:16 -8.388095e+00 -14.02083512 -2.75535536 0.0000729
2:21-1:16 -8.088095e+00 -13.72083512 -2.45535536 0.0001572
1:22-1:16 -7.688095e+00 -13.32083512 -2.05535536 0.0004327
2:22-1:16 -7.016667e+00 -12.64940654 -1.38392679 0.0022645
1:23-1:16 -4.888095e+00 -10.52083512  0.74464464 0.1935739
2:23-1:16 -4.207143e+00  -9.83988273  1.42559702 0.4880822
1:17-2:16 -5.085714e+00 -10.71845416  0.54702559 0.1392518
2:17-2:16 -1.773810e+00  -7.40654940  3.85893035 0.9999994
1:18-2:16 -6.928571e+00 -12.56131131 -1.29583155 0.0027984
2:18-2:16 -4.607143e+00 -10.23988273  1.02559702 0.2957801
1:19-2:16 -9.740476e+00 -15.37321607 -4.10773631 0.0000022
2:19-2:16 -9.321429e+00 -14.95416845 -3.68868869 0.0000065
1:20-2:16 -1.115238e+01 -16.78512083 -5.51964108 0.0000001
2:20-2:16 -1.120238e+01 -16.83512083 -5.56964108 0.0000000
1:21-2:16 -1.183571e+01 -17.46845416 -6.20297441 0.0000000
2:21-2:16 -1.153571e+01 -17.16845416 -5.90297441 0.0000000
1:22-2:16 -1.113571e+01 -16.76845416 -5.50297441 0.0000001
2:22-2:16 -1.046429e+01 -16.09702559 -4.83154584 0.0000003
1:23-2:16 -8.335714e+00 -13.96845416 -2.70297441 0.0000834
2:23-2:16 -7.654762e+00 -13.28750178 -2.02202203 0.0004704
2:17-1:17  3.311905e+00  -2.32083512  8.94464464 0.9068272
1:18-1:17 -1.842857e+00  -7.47559702  3.78988273 0.9999983
2:18-1:17  4.785714e-01  -5.15416845  6.11131131 1.0000000
1:19-1:17 -4.654762e+00 -10.28750178  0.97797797 0.2763541
2:19-1:17 -4.235714e+00  -9.86845416  1.39702559 0.4729859
1:20-1:17 -6.066667e+00 -11.69940654 -0.43392679 0.0201836
2:20-1:17 -6.116667e+00 -11.74940654 -0.48392679 0.0181007
1:21-1:17 -6.750000e+00 -12.38273988 -1.11726012 0.0042778
2:21-1:17 -6.450000e+00 -12.08273988 -0.81726012 0.0085862
1:22-1:17 -6.050000e+00 -11.68273988 -0.41726012 0.0209259
2:22-1:17 -5.378571e+00 -11.01131131  0.25416845 0.0819989
1:23-1:17 -3.250000e+00  -8.88273988  2.38273988 0.9234774
2:23-1:17 -2.569048e+00  -8.20178750  3.06369226 0.9972055
1:18-2:17 -5.154762e+00 -10.78750178  0.47797797 0.1234300
2:18-2:17 -2.833333e+00  -8.46607321  2.79940654 0.9865061
1:19-2:17 -7.966667e+00 -13.59940654 -2.33392679 0.0002141
2:19-2:17 -7.547619e+00 -13.18035892 -1.91487917 0.0006150
1:20-2:17 -9.378571e+00 -15.01131131 -3.74583155 0.0000056
2:20-2:17 -9.428571e+00 -15.06131131 -3.79583155 0.0000049
1:21-2:17 -1.006190e+01 -15.69464464 -4.42916488 0.0000009
2:21-2:17 -9.761905e+00 -15.39464464 -4.12916488 0.0000021
1:22-2:17 -9.361905e+00 -14.99464464 -3.72916488 0.0000058
2:22-2:17 -8.690476e+00 -14.32321607 -3.05773631 0.0000334
1:23-2:17 -6.561905e+00 -12.19464464 -0.92916488 0.0066382
2:23-2:17 -5.880952e+00 -11.51369226 -0.24821250 0.0300202
2:18-1:18  2.321429e+00  -3.31131131  7.95416845 0.9995936
1:19-1:18 -2.811905e+00  -8.44464464  2.82083512 0.9879354
2:19-1:18 -2.392857e+00  -8.02559702  3.23988273 0.9992535
1:20-1:18 -4.223810e+00  -9.85654940  1.40893035 0.4792591
2:20-1:18 -4.273810e+00  -9.90654940  1.35893035 0.4530907
1:21-1:18 -4.907143e+00 -10.53988273  0.72559702 0.1877249
2:21-1:18 -4.607143e+00 -10.23988273  1.02559702 0.2957801
1:22-1:18 -4.207143e+00  -9.83988273  1.42559702 0.4880822
2:22-1:18 -3.535714e+00  -9.16845416  2.09702559 0.8289593
1:23-1:18 -1.407143e+00  -7.03988273  4.22559702 1.0000000
2:23-1:18 -7.261905e-01  -6.35893035  4.90654940 1.0000000
1:19-2:18 -5.133333e+00 -10.76607321  0.49940654 0.1281752
2:19-2:18 -4.714286e+00 -10.34702559  0.91845416 0.2532693
1:20-2:18 -6.545238e+00 -12.17797797 -0.91249822 0.0068989
2:20-2:18 -6.595238e+00 -12.22797797 -0.96249822 0.0061446
1:21-2:18 -7.228571e+00 -12.86131131 -1.59583155 0.0013531
2:21-2:18 -6.928571e+00 -12.56131131 -1.29583155 0.0027984
1:22-2:18 -6.528571e+00 -12.16131131 -0.89583155 0.0071694
2:22-2:18 -5.857143e+00 -11.48988273 -0.22440298 0.0315591
1:23-2:18 -3.728571e+00  -9.36131131  1.90416845 0.7419773
2:23-2:18 -3.047619e+00  -8.68035892  2.58512083 0.9637028
2:19-1:19  4.190476e-01  -5.21369226  6.05178750 1.0000000
1:20-1:19 -1.411905e+00  -7.04464464  4.22083512 1.0000000
2:20-1:19 -1.461905e+00  -7.09464464  4.17083512 1.0000000
1:21-1:19 -2.095238e+00  -7.72797797  3.53750178 0.9999574
2:21-1:19 -1.795238e+00  -7.42797797  3.83750178 0.9999992
1:22-1:19 -1.395238e+00  -7.02797797  4.23750178 1.0000000
2:22-1:19 -7.238095e-01  -6.35654940  4.90893035 1.0000000
1:23-1:19  1.404762e+00  -4.22797797  7.03750178 1.0000000
2:23-1:19  2.085714e+00  -3.54702559  7.71845416 0.9999617
1:20-2:19 -1.830952e+00  -7.46369226  3.80178750 0.9999986
2:20-2:19 -1.880952e+00  -7.51369226  3.75178750 0.9999971
1:21-2:19 -2.514286e+00  -8.14702559  3.11845416 0.9980977
2:21-2:19 -2.214286e+00  -7.84702559  3.41845416 0.9998508
1:22-2:19 -1.814286e+00  -7.44702559  3.81845416 0.9999989
2:22-2:19 -1.142857e+00  -6.77559702  4.48988273 1.0000000
1:23-2:19  9.857143e-01  -4.64702559  6.61845416 1.0000000
2:23-2:19  1.666667e+00  -3.96607321  7.29940654 0.9999999
2:20-1:20 -5.000000e-02  -5.68273988  5.58273988 1.0000000
1:21-1:20 -6.833333e-01  -6.31607321  4.94940654 1.0000000
2:21-1:20 -3.833333e-01  -6.01607321  5.24940654 1.0000000
1:22-1:20  1.666667e-02  -5.61607321  5.64940654 1.0000000
2:22-1:20  6.880952e-01  -4.94464464  6.32083512 1.0000000
1:23-1:20  2.816667e+00  -2.81607321  8.44940654 0.9876287
2:23-1:20  3.497619e+00  -2.13512083  9.13035892 0.8441107
1:21-2:20 -6.333333e-01  -6.26607321  4.99940654 1.0000000
2:21-2:20 -3.333333e-01  -5.96607321  5.29940654 1.0000000
1:22-2:20  6.666667e-02  -5.56607321  5.69940654 1.0000000
2:22-2:20  7.380952e-01  -4.89464464  6.37083512 1.0000000
1:23-2:20  2.866667e+00  -2.76607321  8.49940654 0.9840187
2:23-2:20  3.547619e+00  -2.08512083  9.18035892 0.8240746
2:21-1:21  3.000000e-01  -5.33273988  5.93273988 1.0000000
1:22-1:21  7.000000e-01  -4.93273988  6.33273988 1.0000000
2:22-1:21  1.371429e+00  -4.26131131  7.00416845 1.0000000
1:23-1:21  3.500000e+00  -2.13273988  9.13273988 0.8431855
2:23-1:21  4.180952e+00  -1.45178750  9.81369226 0.5020337
1:22-2:21  4.000000e-01  -5.23273988  6.03273988 1.0000000
2:22-2:21  1.071429e+00  -4.56131131  6.70416845 1.0000000
1:23-2:21  3.200000e+00  -2.43273988  8.83273988 0.9353874
2:23-2:21  3.880952e+00  -1.75178750  9.51369226 0.6640142
2:22-1:22  6.714286e-01  -4.96131131  6.30416845 1.0000000
1:23-1:22  2.800000e+00  -2.83273988  8.43273988 0.9886755
2:23-1:22  3.480952e+00  -2.15178750  9.11369226 0.8505042
1:23-2:22  2.128571e+00  -3.50416845  7.76131131 0.9999385
2:23-2:22  2.809524e+00  -2.82321607  8.44226369 0.9880864
2:23-1:23  6.809524e-01  -4.95178750  6.31369226 1.0000000

