  Tukey multiple comparisons of means
    95% family-wise confidence level

Fit: aov(formula = avg_pr_intake ~ order * hour, data = pr_data)

$order
         diff        lwr       upr     p adj
2-1 0.2837302 -0.1845522 0.7520125 0.2290891

$hour
             diff          lwr         upr     p adj
1-0   -3.29761905  -6.40737892 -0.18785917 0.0266054
2-0   -1.27976190  -4.38952178  1.82999797 0.9940624
3-0   -2.51666667  -5.62642654  0.59309321 0.2691960
4-0   -3.48333333  -6.59309321 -0.37357346 0.0137740
5-0   -3.49880952  -6.60856940 -0.38904965 0.0130208
6-0   -4.66309524  -7.77285511 -1.55333536 0.0001261
7-0   -5.37380952  -8.48356940 -2.26404965 0.0000061
8-0   -4.86547619  -7.97523606 -1.75571632 0.0000535
9-0   -3.91666667  -7.02642654 -0.80690679 0.0026687
10-0  -3.74166667  -6.85142654 -0.63190679 0.0052579
11-0  -2.10595238  -5.21571226  1.00380749 0.5937597
12-0   1.91309524  -1.19666464  5.02285511 0.7549571
13-0   6.86666667   3.75690679  9.97642654 0.0000000
14-0   8.59404762   5.48428774 11.70380749 0.0000000
15-0   8.79880952   5.68904965 11.90856940 0.0000000
16-0   7.80952381   4.69976394 10.91928368 0.0000000
17-0   5.90595238   2.79619251  9.01571226 0.0000006
18-0   5.51547619   2.40571632  8.62523606 0.0000033
19-0   1.98571429  -1.12404559  5.09547416 0.6967544
20-0   0.65119048  -2.45856940  3.76095035 0.9999999
21-0  -0.66428571  -3.77404559  2.44547416 0.9999999
22-0  -0.57857143  -3.68833130  2.53118845 1.0000000
23-0   2.28571429  -0.82404559  5.39547416 0.4392483
2-1    2.01785714  -1.09190273  5.12761702 0.6698075
3-1    0.78095238  -2.32880749  3.89071226 0.9999972
4-1   -0.18571429  -3.29547416  2.92404559 1.0000000
5-1   -0.20119048  -3.31095035  2.90856940 1.0000000
6-1   -1.36547619  -4.47523606  1.74428368 0.9871495
7-1   -2.07619048  -5.18595035  1.03356940 0.6196909
8-1   -1.56785714  -4.67761702  1.54190273 0.9463064
9-1   -0.61904762  -3.72880749  2.49071226 1.0000000
10-1  -0.44404762  -3.55380749  2.66571226 1.0000000
11-1   1.19166667  -1.91809321  4.30142654 0.9976338
12-1   5.21071429   2.10095441  8.32047416 0.0000122
13-1  10.16428571   7.05452584 13.27404559 0.0000000
14-1  11.89166667   8.78190679 15.00142654 0.0000000
15-1  12.09642857   8.98666870 15.20618845 0.0000000
16-1  11.10714286   7.99738298 14.21690273 0.0000000
17-1   9.20357143   6.09381155 12.31333130 0.0000000
18-1   8.81309524   5.70333536 11.92285511 0.0000000
19-1   5.28333333   2.17357346  8.39309321 0.0000089
20-1   3.94880952   0.83904965  7.05856940 0.0023516
21-1   2.63333333  -0.47642654  5.74309321 0.2020644
22-1   2.71904762  -0.39071226  5.82880749 0.1611892
23-1   5.58333333   2.47357346  8.69309321 0.0000025
3-2   -1.23690476  -4.34666464  1.87285511 0.9961390
4-2   -2.20357143  -5.31333130  0.90618845 0.5087096
5-2   -2.21904762  -5.32880749  0.89071226 0.4954019
6-2   -3.38333333  -6.49309321 -0.27357346 0.0197115
7-2   -4.09404762  -7.20380749 -0.98428774 0.0013190
8-2   -3.58571429  -6.69547416 -0.47595441 0.0094605
9-2   -2.63690476  -5.74666464  0.47285511 0.2002206
10-2  -2.46190476  -5.57166464  0.64785511 0.3053000
11-2  -0.82619048  -3.93595035  2.28356940 0.9999923
12-2   3.19285714   0.08309727  6.30261702 0.0380035
13-2   8.14642857   5.03666870 11.25618845 0.0000000
14-2   9.87380952   6.76404965 12.98356940 0.0000000
15-2  10.07857143   6.96881155 13.18833130 0.0000000
16-2   9.08928571   5.97952584 12.19904559 0.0000000
17-2   7.18571429   4.07595441 10.29547416 0.0000000
18-2   6.79523810   3.68547822  9.90499797 0.0000000
19-2   3.26547619   0.15571632  6.37523606 0.0297172
20-2   1.93095238  -1.17880749  5.04071226 0.7410502
21-2   0.61547619  -2.49428368  3.72523606 1.0000000
22-2   0.70119048  -2.40856940  3.81095035 0.9999996
23-2   3.56547619   0.45571632  6.67523606 0.0101965
4-3   -0.96666667  -4.07642654  2.14309321 0.9998920
5-3   -0.98214286  -4.09190273  2.12761702 0.9998609
6-3   -2.14642857  -5.25618845  0.96333130 0.5583771
7-3   -2.85714286  -5.96690273  0.25261702 0.1092411
8-3   -2.34880952  -5.45856940  0.76095035 0.3884877
9-3   -1.40000000  -4.50975987  1.70975987 0.9829894
10-3  -1.22500000  -4.33475987  1.88475987 0.9965934
11-3   0.41071429  -2.69904559  3.52047416 1.0000000
12-3   4.42976190   1.32000203  7.53952178 0.0003346
13-3   9.38333333   6.27357346 12.49309321 0.0000000
14-3  11.11071429   8.00095441 14.22047416 0.0000000
15-3  11.31547619   8.20571632 14.42523606 0.0000000
16-3  10.32619048   7.21643060 13.43595035 0.0000000
17-3   8.42261905   5.31285917 11.53237892 0.0000000
18-3   8.03214286   4.92238298 11.14190273 0.0000000
19-3   4.50238095   1.39262108  7.61214083 0.0002474
20-3   3.16785714   0.05809727  6.27761702 0.0413072
21-3   1.85238095  -1.25737892  4.96214083 0.7998430
22-3   1.93809524  -1.17166464  5.04785511 0.7354076
23-3   4.80238095   1.69262108  7.91214083 0.0000700
5-4   -0.01547619  -3.12523606  3.09428368 1.0000000
6-4   -1.17976190  -4.28952178  1.92999797 0.9979331
7-4   -1.89047619  -5.00023606  1.21928368 0.7721339
8-4   -1.38214286  -4.49190273  1.72761702 0.9852559
9-4   -0.43333333  -3.54309321  2.67642654 1.0000000
10-4  -0.25833333  -3.36809321  2.85142654 1.0000000
11-4   1.37738095  -1.73237892  4.48714083 0.9858181
12-4   5.39642857   2.28666870  8.50618845 0.0000055
13-4  10.35000000   7.24024013 13.45975987 0.0000000
14-4  12.07738095   8.96762108 15.18714083 0.0000000
15-4  12.28214286   9.17238298 15.39190273 0.0000000
16-4  11.29285714   8.18309727 14.40261702 0.0000000
17-4   9.38928571   6.27952584 12.49904559 0.0000000
18-4   8.99880952   5.88904965 12.10856940 0.0000000
19-4   5.46904762   2.35928774  8.57880749 0.0000040
20-4   4.13452381   1.02476394  7.24428368 0.0011206
21-4   2.81904762  -0.29071226  5.92880749 0.1219721
22-4   2.90476190  -0.20499797  6.01452178 0.0948969
23-4   5.76904762   2.65928774  8.87880749 0.0000011
6-5   -1.16428571  -4.27404559  1.94547416 0.9982735
7-5   -1.87500000  -4.98475987  1.23475987 0.7835833
8-5   -1.36666667  -4.47642654  1.74309321 0.9870210
9-5   -0.41785714  -3.52761702  2.69190273 1.0000000
10-5  -0.24285714  -3.35261702  2.86690273 1.0000000
11-5   1.39285714  -1.71690273  4.50261702 0.9839267
12-5   5.41190476   2.30214489  8.52166464 0.0000051
13-5  10.36547619   7.25571632 13.47523606 0.0000000
14-5  12.09285714   8.98309727 15.20261702 0.0000000
15-5  12.29761905   9.18785917 15.40737892 0.0000000
16-5  11.30833333   8.19857346 14.41809321 0.0000000
17-5   9.40476190   6.29500203 12.51452178 0.0000000
18-5   9.01428571   5.90452584 12.12404559 0.0000000
19-5   5.48452381   2.37476394  8.59428368 0.0000038
20-5   4.15000000   1.04024013  7.25975987 0.0010527
21-5   2.83452381  -0.27523606  5.94428368 0.1166606
22-5   2.92023810  -0.18952178  6.02999797 0.0905906
23-5   5.78452381   2.67476394  8.89428368 0.0000010
7-6   -0.71071429  -3.82047416  2.39904559 0.9999995
8-6   -0.20238095  -3.31214083  2.90737892 1.0000000
9-6    0.74642857  -2.36333130  3.85618845 0.9999988
10-6   0.92142857  -2.18833130  4.03118845 0.9999505
11-6   2.55714286  -0.55261702  5.66690273 0.2443843
12-6   6.57619048   3.46643060  9.68595035 0.0000000
13-6  11.52976190   8.42000203 14.63952178 0.0000000
14-6  13.25714286  10.14738298 16.36690273 0.0000000
15-6  13.46190476  10.35214489 16.57166464 0.0000000
16-6  12.47261905   9.36285917 15.58237892 0.0000000
17-6  10.56904762   7.45928774 13.67880749 0.0000000
18-6  10.17857143   7.06881155 13.28833130 0.0000000
19-6   6.64880952   3.53904965  9.75856940 0.0000000
20-6   5.31428571   2.20452584  8.42404559 0.0000078
21-6   3.99880952   0.88904965  7.10856940 0.0019294
22-6   4.08452381   0.97476394  7.19428368 0.0013704
23-6   6.94880952   3.83904965 10.05856940 0.0000000
8-7    0.50833333  -2.60142654  3.61809321 1.0000000
9-7    1.45714286  -1.65261702  4.56690273 0.9738702
10-7   1.63214286  -1.47761702  4.74190273 0.9231531
11-7   3.26785714   0.15809727  6.37761702 0.0294758
12-7   7.28690476   4.17714489 10.39666464 0.0000000
13-7  12.24047619   9.13071632 15.35023606 0.0000000
14-7  13.96785714  10.85809727 17.07761702 0.0000000
15-7  14.17261905  11.06285917 17.28237892 0.0000000
16-7  13.18333333  10.07357346 16.29309321 0.0000000
17-7  11.27976190   8.17000203 14.38952178 0.0000000
18-7  10.88928571   7.77952584 13.99904559 0.0000000
19-7   7.35952381   4.24976394 10.46928368 0.0000000
20-7   6.02500000   2.91524013  9.13475987 0.0000004
21-7   4.70952381   1.59976394  7.81928368 0.0001037
22-7   4.79523810   1.68547822  7.90499797 0.0000721
23-7   7.65952381   4.54976394 10.76928368 0.0000000
9-8    0.94880952  -2.16095035  4.05856940 0.9999200
10-8   1.12380952  -1.98595035  4.23356940 0.9989462
11-8   2.75952381  -0.35023606  5.86928368 0.1442621
12-8   6.77857143   3.66881155  9.88833130 0.0000000
13-8  11.73214286   8.62238298 14.84190273 0.0000000
14-8  13.45952381  10.34976394 16.56928368 0.0000000
15-8  13.66428571  10.55452584 16.77404559 0.0000000
16-8  12.67500000   9.56524013 15.78475987 0.0000000
17-8  10.77142857   7.66166870 13.88118845 0.0000000
18-8  10.38095238   7.27119251 13.49071226 0.0000000
19-8   6.85119048   3.74143060  9.96095035 0.0000000
20-8   5.51666667   2.40690679  8.62642654 0.0000033
21-8   4.20119048   1.09143060  7.31095035 0.0008555
22-8   4.28690476   1.17714489  7.39666464 0.0006030
23-8   7.15119048   4.04143060 10.26095035 0.0000000
10-9   0.17500000  -2.93475987  3.28475987 1.0000000
11-9   1.81071429  -1.29904559  4.92047416 0.8282080
12-9   5.82976190   2.72000203  8.93952178 0.0000008
13-9  10.78333333   7.67357346 13.89309321 0.0000000
14-9  12.51071429   9.40095441 15.62047416 0.0000000
15-9  12.71547619   9.60571632 15.82523606 0.0000000
16-9  11.72619048   8.61643060 14.83595035 0.0000000
17-9   9.82261905   6.71285917 12.93237892 0.0000000
18-9   9.43214286   6.32238298 12.54190273 0.0000000
19-9   5.90238095   2.79262108  9.01214083 0.0000006
20-9   4.56785714   1.45809727  7.67761702 0.0001882
21-9   3.25238095   0.14262108  6.36214083 0.0310776
22-9   3.33809524   0.22833536  6.44785511 0.0231124
23-9   6.20238095   3.09262108  9.31214083 0.0000002
11-10  1.63571429  -1.47404559  4.74547416 0.9216987
12-10  5.65476190   2.54500203  8.76452178 0.0000018
13-10 10.60833333   7.49857346 13.71809321 0.0000000
14-10 12.33571429   9.22595441 15.44547416 0.0000000
15-10 12.54047619   9.43071632 15.65023606 0.0000000
16-10 11.55119048   8.44143060 14.66095035 0.0000000
17-10  9.64761905   6.53785917 12.75737892 0.0000000
18-10  9.25714286   6.14738298 12.36690273 0.0000000
19-10  5.72738095   2.61762108  8.83714083 0.0000013
20-10  4.39285714   1.28309727  7.50261702 0.0003898
21-10  3.07738095  -0.03237892  6.18714083 0.0555206
22-10  3.16309524   0.05333536  6.27285511 0.0419649
23-10  6.02738095   2.91762108  9.13714083 0.0000004
12-11  4.01904762   0.90928774  7.12880749 0.0017803
13-11  8.97261905   5.86285917 12.08237892 0.0000000
14-11 10.70000000   7.59024013 13.80975987 0.0000000
15-11 10.90476190   7.79500203 14.01452178 0.0000000
16-11  9.91547619   6.80571632 13.02523606 0.0000000
17-11  8.01190476   4.90214489 11.12166464 0.0000000
18-11  7.62142857   4.51166870 10.73118845 0.0000000
19-11  4.09166667   0.98190679  7.20142654 0.0013316
20-11  2.75714286  -0.35261702  5.86690273 0.1452172
21-11  1.44166667  -1.66809321  4.55142654 0.9766417
22-11  1.52738095  -1.58237892  4.63714083 0.9580739
23-11  4.39166667   1.28190679  7.50142654 0.0003917
13-12  4.95357143   1.84381155  8.06333130 0.0000368
14-12  6.68095238   3.57119251  9.79071226 0.0000000
15-12  6.88571429   3.77595441  9.99547416 0.0000000
16-12  5.89642857   2.78666870  9.00618845 0.0000006
17-12  3.99285714   0.88309727  7.10261702 0.0019756
18-12  3.60238095   0.49262108  6.71214083 0.0088923
19-12  0.07261905  -3.03714083  3.18237892 1.0000000
20-12 -1.26190476  -4.37166464  1.84785511 0.9950182
21-12 -2.57738095  -5.68714083  0.53237892 0.2325844
22-12 -2.49166667  -5.60142654  0.61809321 0.2853211
23-12  0.37261905  -2.73714083  3.48237892 1.0000000
14-13  1.72738095  -1.38237892  4.83714083 0.8781192
15-13  1.93214286  -1.17761702  5.04190273 0.7401129
16-13  0.94285714  -2.16690273  4.05261702 0.9999278
17-13 -0.96071429  -4.07047416  2.14904559 0.9999022
18-13 -1.35119048  -4.46095035  1.75856940 0.9886138
19-13 -4.88095238  -7.99071226 -1.77119251 0.0000501
20-13 -6.21547619  -9.32523606 -3.10571632 0.0000002
21-13 -7.53095238 -10.64071226 -4.42119251 0.0000000
22-13 -7.44523810 -10.55499797 -4.33547822 0.0000000
23-13 -4.58095238  -7.69071226 -1.47119251 0.0001781
15-14  0.20476190  -2.90499797  3.31452178 1.0000000
16-14 -0.78452381  -3.89428368  2.32523606 0.9999969
17-14 -2.68809524  -5.79785511  0.42166464 0.1751460
18-14 -3.07857143  -6.18833130  0.03118845 0.0553085
19-14 -6.60833333  -9.71809321 -3.49857346 0.0000000
20-14 -7.94285714 -11.05261702 -4.83309727 0.0000000
21-14 -9.25833333 -12.36809321 -6.14857346 0.0000000
22-14 -9.17261905 -12.28237892 -6.06285917 0.0000000
23-14 -6.30833333  -9.41809321 -3.19857346 0.0000001
16-15 -0.98928571  -4.09904559  2.12047416 0.9998440
17-15 -2.89285714  -6.00261702  0.21690273 0.0983257
18-15 -3.28333333  -6.39309321 -0.17357346 0.0279497
19-15 -6.81309524  -9.92285511 -3.70333536 0.0000000
20-15 -8.14761905 -11.25737892 -5.03785917 0.0000000
21-15 -9.46309524 -12.57285511 -6.35333536 0.0000000
22-15 -9.37738095 -12.48714083 -6.26762108 0.0000000
23-15 -6.51309524  -9.62285511 -3.40333536 0.0000000
17-16 -1.90357143  -5.01333130  1.20618845 0.7622514
18-16 -2.29404762  -5.40380749  0.81571226 0.4323944
19-16 -5.82380952  -8.93356940 -2.71404965 0.0000009
20-16 -7.15833333 -10.26809321 -4.04857346 0.0000000
21-16 -8.47380952 -11.58356940 -5.36404965 0.0000000
22-16 -8.38809524 -11.49785511 -5.27833536 0.0000000
23-16 -5.52380952  -8.63356940 -2.41404965 0.0000032
18-17 -0.39047619  -3.50023606  2.71928368 1.0000000
19-17 -3.92023810  -7.02999797 -0.81047822 0.0026316
20-17 -5.25476190  -8.36452178 -2.14500203 0.0000101
21-17 -6.57023810  -9.67999797 -3.46047822 0.0000000
22-17 -6.48452381  -9.59428368 -3.37476394 0.0000001
23-17 -3.62023810  -6.72999797 -0.51047822 0.0083195
19-18 -3.52976190  -6.63952178 -0.42000203 0.0116286
20-18 -4.86428571  -7.97404559 -1.75452584 0.0000538
21-18 -6.17976190  -9.28952178 -3.07000203 0.0000002
22-18 -6.09404762  -9.20380749 -2.98428774 0.0000003
23-18 -3.22976190  -6.33952178 -0.12000203 0.0335617
20-19 -1.33452381  -4.44428368  1.77523606 0.9901498
21-19 -2.65000000  -5.75975987  0.45975987 0.1935661
22-19 -2.56428571  -5.67404559  0.54547416 0.2401734
23-19  0.30000000  -2.80975987  3.40975987 1.0000000
21-20 -1.31547619  -4.42523606  1.79428368 0.9916959
22-20 -1.22976190  -4.33952178  1.87999797 0.9964174
23-20  1.63452381  -1.47523606  4.74428368 0.9221855
22-21  0.08571429  -3.02404559  3.19547416 1.0000000
23-21  2.95000000  -0.15975987  6.05975987 0.0827740
23-22  2.86428571  -0.24547416  5.97404559 0.1069809

$`order:hour`
                   diff          lwr         upr     p adj
2:0-1:0   -6.333333e-01  -5.47697039  4.21030372 1.0000000
1:1-1:0   -3.285714e+00  -8.12935134  1.55792277 0.6953945
2:1-1:0   -3.942857e+00  -8.78649420  0.90077991 0.3050095
1:2-1:0   -1.928571e+00  -6.77220848  2.91506562 0.9998031
2:2-1:0   -1.264286e+00  -6.10792277  3.57935134 1.0000000
1:3-1:0   -2.426190e+00  -7.26982753  2.41744658 0.9873142
2:3-1:0   -3.240476e+00  -8.08411324  1.60316086 0.7222167
1:4-1:0   -4.419048e+00  -9.26268467  0.42458943 0.1269110
2:4-1:0   -3.180952e+00  -8.02458943  1.66268467 0.7562167
1:5-1:0   -3.497619e+00  -8.34125610  1.34601801 0.5633531
2:5-1:0   -4.133333e+00  -8.97697039  0.71030372 0.2200950
1:6-1:0   -4.754762e+00  -9.59839896  0.08887515 0.0613621
2:6-1:0   -5.204762e+00 -10.04839896 -0.36112485 0.0208041
1:7-1:0   -5.795238e+00 -10.63887515 -0.95160104 0.0043863
2:7-1:0   -5.585714e+00 -10.42935134 -0.74207723 0.0077325
1:8-1:0   -5.076190e+00  -9.91982753 -0.23255342 0.0286458
2:8-1:0   -5.288095e+00 -10.13173229 -0.44445818 0.0168399
1:9-1:0   -4.047619e+00  -8.89125610  0.79601801 0.2560082
2:9-1:0   -4.419048e+00  -9.26268467  0.42458943 0.1269110
1:10-1:0  -3.685714e+00  -8.52935134  1.15792277 0.4466973
2:10-1:0  -4.430952e+00  -9.27458943  0.41268467 0.1238535
1:11-1:0  -1.830952e+00  -6.67458943  3.01268467 0.9999380
2:11-1:0  -3.014286e+00  -7.85792277  1.82935134 0.8410923
1:12-1:0   1.397619e+00  -3.44601801  6.24125610 1.0000000
2:12-1:0   1.795238e+00  -3.04839896  6.63887515 0.9999608
1:13-1:0   5.935714e+00   1.09207723 10.77935134 0.0029769
2:13-1:0   7.164286e+00   2.32064866 12.00792277 0.0000843
1:14-1:0   7.914286e+00   3.07064866 12.75792277 0.0000088
2:14-1:0   8.640476e+00   3.79683914 13.48411324 0.0000010
1:15-1:0   8.121429e+00   3.27779152 12.96506562 0.0000047
2:15-1:0   8.842857e+00   3.99922009 13.68649420 0.0000005
1:16-1:0   6.357143e+00   1.51350580 11.20077991 0.0009032
2:16-1:0   8.628571e+00   3.78493438 13.47220848 0.0000010
1:17-1:0   4.454762e+00  -0.38887515  9.29839896 0.1179194
2:17-1:0   6.723810e+00   1.88017247 11.56744658 0.0003110
1:18-1:0   4.745238e+00  -0.09839896  9.58887515 0.0627055
2:18-1:0   5.652381e+00   0.80874390 10.49601801 0.0064663
1:19-1:0   1.280952e+00  -3.56268467  6.12458943 1.0000000
2:19-1:0   2.057143e+00  -2.78649420  6.90077991 0.9992570
1:20-1:0   1.278571e+00  -3.56506562  6.12220848 1.0000000
2:20-1:0  -6.095238e-01  -5.45316086  4.23411324 1.0000000
1:21-1:0  -1.340476e+00  -6.18411324  3.50316086 1.0000000
2:21-1:0  -6.214286e-01  -5.46506562  4.22220848 1.0000000
1:22-1:0  -1.335714e+00  -6.17935134  3.50792277 1.0000000
2:22-1:0  -4.547619e-01  -5.29839896  4.38887515 1.0000000
1:23-1:0   1.273810e+00  -3.56982753  6.11744658 1.0000000
2:23-1:0   2.664286e+00  -2.17935134  7.50792277 0.9555480
1:1-2:0   -2.652381e+00  -7.49601801  2.19125610 0.9578939
2:1-2:0   -3.309524e+00  -8.15316086  1.53411324 0.6809951
1:2-2:0   -1.295238e+00  -6.13887515  3.54839896 1.0000000
2:2-2:0   -6.309524e-01  -5.47458943  4.21268467 1.0000000
1:3-2:0   -1.792857e+00  -6.63649420  3.05077991 0.9999620
2:3-2:0   -2.607143e+00  -7.45077991  2.23649420 0.9659926
1:4-2:0   -3.785714e+00  -8.62935134  1.05792277 0.3883882
2:4-2:0   -2.547619e+00  -7.39125610  2.29601801 0.9748116
1:5-2:0   -2.864286e+00  -7.70792277  1.97935134 0.9012832
2:5-2:0   -3.500000e+00  -8.34363705  1.34363705 0.5618478
1:6-2:0   -4.121429e+00  -8.96506562  0.72220848 0.2248563
2:6-2:0   -4.571429e+00  -9.41506562  0.27220848 0.0921448
1:7-2:0   -5.161905e+00 -10.00554182 -0.31826771 0.0231650
2:7-2:0   -4.952381e+00  -9.79601801 -0.10874390 0.0386757
1:8-2:0   -4.442857e+00  -9.28649420  0.40077991 0.1208565
2:8-2:0   -4.654762e+00  -9.49839896  0.18887515 0.0768082
1:9-2:0   -3.414286e+00  -8.25792277  1.42935134 0.6159987
2:9-2:0   -3.785714e+00  -8.62935134  1.05792277 0.3883882
1:10-2:0  -3.052381e+00  -7.89601801  1.79125610 0.8232299
2:10-2:0  -3.797619e+00  -8.64125610  1.04601801 0.3816933
1:11-2:0  -1.197619e+00  -6.04125610  3.64601801 1.0000000
2:11-2:0  -2.380952e+00  -7.22458943  2.46268467 0.9904411
1:12-2:0   2.030952e+00  -2.81268467  6.87458943 0.9994236
2:12-2:0   2.428571e+00  -2.41506562  7.27220848 0.9871293
1:13-2:0   6.569048e+00   1.72541057 11.41268467 0.0004891
2:13-2:0   7.797619e+00   2.95398199 12.64125610 0.0000126
1:14-2:0   8.547619e+00   3.70398199 13.39125610 0.0000013
2:14-2:0   9.273810e+00   4.43017247 14.11744658 0.0000001
1:15-2:0   8.754762e+00   3.91112485 13.59839896 0.0000007
2:15-2:0   9.476190e+00   4.63255342 14.31982753 0.0000001
1:16-2:0   6.990476e+00   2.14683914 11.83411324 0.0001415
2:16-2:0   9.261905e+00   4.41826771 14.10554182 0.0000001
1:17-2:0   5.088095e+00   0.24445818  9.93173229 0.0278193
2:17-2:0   7.357143e+00   2.51350580 12.20077991 0.0000473
1:18-2:0   5.378571e+00   0.53493438 10.22220848 0.0133409
2:18-2:0   6.285714e+00   1.44207723 11.12935134 0.0011087
1:19-2:0   1.914286e+00  -2.92935134  6.75792277 0.9998323
2:19-2:0   2.690476e+00  -2.15316086  7.53411324 0.9500586
1:20-2:0   1.911905e+00  -2.93173229  6.75554182 0.9998368
2:20-2:0   2.380952e-02  -4.81982753  4.86744658 1.0000000
1:21-2:0  -7.071429e-01  -5.55077991  4.13649420 1.0000000
2:21-2:0   1.190476e-02  -4.83173229  4.85554182 1.0000000
1:22-2:0  -7.023810e-01  -5.54601801  4.14125610 1.0000000
2:22-2:0   1.785714e-01  -4.66506562  5.02220848 1.0000000
1:23-2:0   1.907143e+00  -2.93649420  6.75077991 0.9998454
2:23-2:0   3.297619e+00  -1.54601801  8.14125610 0.6882168
2:1-1:1   -6.571429e-01  -5.50077991  4.18649420 1.0000000
1:2-1:1    1.357143e+00  -3.48649420  6.20077991 1.0000000
2:2-1:1    2.021429e+00  -2.82220848  6.86506562 0.9994755
1:3-1:1    8.595238e-01  -3.98411324  5.70316086 1.0000000
2:3-1:1    4.523810e-02  -4.79839896  4.88887515 1.0000000
1:4-1:1   -1.133333e+00  -5.97697039  3.71030372 1.0000000
2:4-1:1    1.047619e-01  -4.73887515  4.94839896 1.0000000
1:5-1:1   -2.119048e-01  -5.05554182  4.63173229 1.0000000
2:5-1:1   -8.476190e-01  -5.69125610  3.99601801 1.0000000
1:6-1:1   -1.469048e+00  -6.31268467  3.37458943 0.9999998
2:6-1:1   -1.919048e+00  -6.76268467  2.92458943 0.9998230
1:7-1:1   -2.509524e+00  -7.35316086  2.33411324 0.9794633
2:7-1:1   -2.300000e+00  -7.14363705  2.54363705 0.9944707
1:8-1:1   -1.790476e+00  -6.63411324  3.05316086 0.9999632
2:8-1:1   -2.002381e+00  -6.84601801  2.84125610 0.9995672
1:9-1:1   -7.619048e-01  -5.60554182  4.08173229 1.0000000
2:9-1:1   -1.133333e+00  -5.97697039  3.71030372 1.0000000
1:10-1:1  -4.000000e-01  -5.24363705  4.44363705 1.0000000
2:10-1:1  -1.145238e+00  -5.98887515  3.69839896 1.0000000
1:11-1:1   1.454762e+00  -3.38887515  6.29839896 0.9999998
2:11-1:1   2.714286e-01  -4.57220848  5.11506562 1.0000000
1:12-1:1   4.683333e+00  -0.16030372  9.52697039 0.0720832
2:12-1:1   5.080952e+00   0.23731533  9.92458943 0.0283125
1:13-1:1   9.221429e+00   4.37779152 14.06506562 0.0000002
2:13-1:1   1.045000e+01   5.60636295 15.29363705 0.0000000
1:14-1:1   1.120000e+01   6.35636295 16.04363705 0.0000000
2:14-1:1   1.192619e+01   7.08255342 16.76982753 0.0000000
1:15-1:1   1.140714e+01   6.56350580 16.25077991 0.0000000
2:15-1:1   1.212857e+01   7.28493438 16.97220848 0.0000000
1:16-1:1   9.642857e+00   4.79922009 14.48649420 0.0000000
2:16-1:1   1.191429e+01   7.07064866 16.75792277 0.0000000
1:17-1:1   7.740476e+00   2.89683914 12.58411324 0.0000149
2:17-1:1   1.000952e+01   5.16588676 14.85316086 0.0000000
1:18-1:1   8.030952e+00   3.18731533 12.87458943 0.0000062
2:18-1:1   8.938095e+00   4.09445818 13.78173229 0.0000004
1:19-1:1   4.566667e+00  -0.27697039  9.41030372 0.0930949
2:19-1:1   5.342857e+00   0.49922009 10.18649420 0.0146316
1:20-1:1   4.564286e+00  -0.27935134  9.40792277 0.0935731
2:20-1:1   2.676190e+00  -2.16744658  7.51982753 0.9531094
1:21-1:1   1.945238e+00  -2.89839896  6.78887515 0.9997633
2:21-1:1   2.664286e+00  -2.17935134  7.50792277 0.9555480
1:22-1:1   1.950000e+00  -2.89363705  6.79363705 0.9997507
2:22-1:1   2.830952e+00  -2.01268467  7.67458943 0.9123699
1:23-1:1   4.559524e+00  -0.28411324  9.40316086 0.0945357
2:23-1:1   5.950000e+00   1.10636295 10.79363705 0.0028609
1:2-2:1    2.014286e+00  -2.82935134  6.85792277 0.9995117
2:2-2:1    2.678571e+00  -2.16506562  7.52220848 0.9526105
1:3-2:1    1.516667e+00  -3.32697039  6.36030372 0.9999995
2:3-2:1    7.023810e-01  -4.14125610  5.54601801 1.0000000
1:4-2:1   -4.761905e-01  -5.31982753  4.36744658 1.0000000
2:4-2:1    7.619048e-01  -4.08173229  5.60554182 1.0000000
1:5-2:1    4.452381e-01  -4.39839896  5.28887515 1.0000000
2:5-2:1   -1.904762e-01  -5.03411324  4.65316086 1.0000000
1:6-2:1   -8.119048e-01  -5.65554182  4.03173229 1.0000000
2:6-2:1   -1.261905e+00  -6.10554182  3.58173229 1.0000000
1:7-2:1   -1.852381e+00  -6.69601801  2.99125610 0.9999192
2:7-2:1   -1.642857e+00  -6.48649420  3.20077991 0.9999957
1:8-2:1   -1.133333e+00  -5.97697039  3.71030372 1.0000000
2:8-2:1   -1.345238e+00  -6.18887515  3.49839896 1.0000000
1:9-2:1   -1.047619e-01  -4.94839896  4.73887515 1.0000000
2:9-2:1   -4.761905e-01  -5.31982753  4.36744658 1.0000000
1:10-2:1   2.571429e-01  -4.58649420  5.10077991 1.0000000
2:10-2:1  -4.880952e-01  -5.33173229  4.35554182 1.0000000
1:11-2:1   2.111905e+00  -2.73173229  6.95554182 0.9987680
2:11-2:1   9.285714e-01  -3.91506562  5.77220848 1.0000000
1:12-2:1   5.340476e+00   0.49683914 10.18411324 0.0147217
2:12-2:1   5.738095e+00   0.89445818 10.58173229 0.0051269
1:13-2:1   9.878571e+00   5.03493438 14.72220848 0.0000000
2:13-2:1   1.110714e+01   6.26350580 15.95077991 0.0000000
1:14-2:1   1.185714e+01   7.01350580 16.70077991 0.0000000
2:14-2:1   1.258333e+01   7.73969628 17.42697039 0.0000000
1:15-2:1   1.206429e+01   7.22064866 16.90792277 0.0000000
2:15-2:1   1.278571e+01   7.94207723 17.62935134 0.0000000
1:16-2:1   1.030000e+01   5.45636295 15.14363705 0.0000000
2:16-2:1   1.257143e+01   7.72779152 17.41506562 0.0000000
1:17-2:1   8.397619e+00   3.55398199 13.24125610 0.0000020
2:17-2:1   1.066667e+01   5.82302961 15.51030372 0.0000000
1:18-2:1   8.688095e+00   3.84445818 13.53173229 0.0000008
2:18-2:1   9.595238e+00   4.75160104 14.43887515 0.0000001
1:19-2:1   5.223810e+00   0.38017247 10.06744658 0.0198282
2:19-2:1   6.000000e+00   1.15636295 10.84363705 0.0024885
1:20-2:1   5.221429e+00   0.37779152 10.06506562 0.0199478
2:20-2:1   3.333333e+00  -1.51030372  8.17697039 0.6664311
1:21-2:1   2.602381e+00  -2.24125610  7.44601801 0.9667725
2:21-2:1   3.321429e+00  -1.52220848  8.16506562 0.6737322
1:22-2:1   2.607143e+00  -2.23649420  7.45077991 0.9659926
2:22-2:1   3.488095e+00  -1.35554182  8.33173229 0.5693762
1:23-2:1   5.216667e+00   0.37302961 10.06030372 0.0201890
2:23-2:1   6.607143e+00   1.76350580 11.45077991 0.0004377
2:2-1:2    6.642857e-01  -4.17935134  5.50792277 1.0000000
1:3-1:2   -4.976190e-01  -5.34125610  4.34601801 1.0000000
2:3-1:2   -1.311905e+00  -6.15554182  3.53173229 1.0000000
1:4-1:2   -2.490476e+00  -7.33411324  2.35316086 0.9815245
2:4-1:2   -1.252381e+00  -6.09601801  3.59125610 1.0000000
1:5-1:2   -1.569048e+00  -6.41268467  3.27458943 0.9999987
2:5-1:2   -2.204762e+00  -7.04839896  2.63887515 0.9973013
1:6-1:2   -2.826190e+00  -7.66982753  2.01744658 0.9138852
2:6-1:2   -3.276190e+00  -8.11982753  1.56744658 0.7011029
1:7-1:2   -3.866667e+00  -8.71030372  0.97697039 0.3440405
2:7-1:2   -3.657143e+00  -8.50077991  1.18649420 0.4639506
1:8-1:2   -3.147619e+00  -7.99125610  1.69601801 0.7745031
2:8-1:2   -3.359524e+00  -8.20316086  1.48411324 0.6502485
1:9-1:2   -2.119048e+00  -6.96268467  2.72458943 0.9986872
2:9-1:2   -2.490476e+00  -7.33411324  2.35316086 0.9815245
1:10-1:2  -1.757143e+00  -6.60077991  3.08649420 0.9999765
2:10-1:2  -2.502381e+00  -7.34601801  2.34125610 0.9802561
1:11-1:2   9.761905e-02  -4.74601801  4.94125610 1.0000000
2:11-1:2  -1.085714e+00  -5.92935134  3.75792277 1.0000000
1:12-1:2   3.326190e+00  -1.51744658  8.16982753 0.6708162
2:12-1:2   3.723810e+00  -1.11982753  8.56744658 0.4240753
1:13-1:2   7.864286e+00   3.02064866 12.70792277 0.0000103
2:13-1:2   9.092857e+00   4.24922009 13.93649420 0.0000002
1:14-1:2   9.842857e+00   4.99922009 14.68649420 0.0000000
2:14-1:2   1.056905e+01   5.72541057 15.41268467 0.0000000
1:15-1:2   1.005000e+01   5.20636295 14.89363705 0.0000000
2:15-1:2   1.077143e+01   5.92779152 15.61506562 0.0000000
1:16-1:2   8.285714e+00   3.44207723 13.12935134 0.0000029
2:16-1:2   1.055714e+01   5.71350580 15.40077991 0.0000000
1:17-1:2   6.383333e+00   1.53969628 11.22697039 0.0008377
2:17-1:2   8.652381e+00   3.80874390 13.49601801 0.0000009
1:18-1:2   6.673810e+00   1.83017247 11.51744658 0.0003601
2:18-1:2   7.580952e+00   2.73731533 12.42458943 0.0000241
1:19-1:2   3.209524e+00  -1.63411324  8.05316086 0.7400981
2:19-1:2   3.985714e+00  -0.85792277  8.82935134 0.2842939
1:20-1:2   3.207143e+00  -1.63649420  8.05077991 0.7414561
2:20-1:2   1.319048e+00  -3.52458943  6.16268467 1.0000000
1:21-1:2   5.880952e-01  -4.25554182  5.43173229 1.0000000
2:21-1:2   1.307143e+00  -3.53649420  6.15077991 1.0000000
1:22-1:2   5.928571e-01  -4.25077991  5.43649420 1.0000000
2:22-1:2   1.473810e+00  -3.36982753  6.31744658 0.9999998
1:23-1:2   3.202381e+00  -1.64125610  8.04601801 0.7441641
2:23-1:2   4.592857e+00  -0.25077991  9.43649420 0.0879706
1:3-2:2   -1.161905e+00  -6.00554182  3.68173229 1.0000000
2:3-2:2   -1.976190e+00  -6.81982753  2.86744658 0.9996700
1:4-2:2   -3.154762e+00  -7.99839896  1.68887515 0.7706341
2:4-2:2   -1.916667e+00  -6.76030372  2.92697039 0.9998277
1:5-2:2   -2.233333e+00  -7.07697039  2.61030372 0.9966237
2:5-2:2   -2.869048e+00  -7.71268467  1.97458943 0.8996308
1:6-2:2   -3.490476e+00  -8.33411324  1.35316086 0.5678702
2:6-2:2   -3.940476e+00  -8.78411324  0.90316086 0.3061870
1:7-2:2   -4.530952e+00  -9.37458943  0.31268467 0.1004889
2:7-2:2   -4.321429e+00  -9.16506562  0.52220848 0.1543555
1:8-2:2   -3.811905e+00  -8.65554182  1.03173229 0.3737358
2:8-2:2   -4.023810e+00  -8.86744658  0.81982753 0.2666558
1:9-2:2   -2.783333e+00  -7.62697039  2.06030372 0.9267584
2:9-2:2   -3.154762e+00  -7.99839896  1.68887515 0.7706341
1:10-2:2  -2.421429e+00  -7.26506562  2.42220848 0.9876774
2:10-2:2  -3.166667e+00  -8.01030372  1.67697039 0.7641250
1:11-2:2  -5.666667e-01  -5.41030372  4.27697039 1.0000000
2:11-2:2  -1.750000e+00  -6.59363705  3.09363705 0.9999787
1:12-2:2   2.661905e+00  -2.18173229  7.50554182 0.9560246
2:12-2:2   3.059524e+00  -1.78411324  7.90316086 0.8197721
1:13-2:2   7.200000e+00   2.35636295 12.04363705 0.0000758
2:13-2:2   8.428571e+00   3.58493438 13.27220848 0.0000019
1:14-2:2   9.178571e+00   4.33493438 14.02220848 0.0000002
2:14-2:2   9.904762e+00   5.06112485 14.74839896 0.0000000
1:15-2:2   9.385714e+00   4.54207723 14.22935134 0.0000001
2:15-2:2   1.010714e+01   5.26350580 14.95077991 0.0000000
1:16-2:2   7.621429e+00   2.77779152 12.46506562 0.0000214
2:16-2:2   9.892857e+00   5.04922009 14.73649420 0.0000000
1:17-2:2   5.719048e+00   0.87541057 10.56268467 0.0053994
2:17-2:2   7.988095e+00   3.14445818 12.83173229 0.0000071
1:18-2:2   6.009524e+00   1.16588676 10.85316086 0.0024231
2:18-2:2   6.916667e+00   2.07302961 11.76030372 0.0001761
1:19-2:2   2.545238e+00  -2.29839896  7.38887515 0.9751240
2:19-2:2   3.321429e+00  -1.52220848  8.16506562 0.6737322
1:20-2:2   2.542857e+00  -2.30077991  7.38649420 0.9754334
2:20-2:2   6.547619e-01  -4.18887515  5.49839896 1.0000000
1:21-2:2  -7.619048e-02  -4.91982753  4.76744658 1.0000000
2:21-2:2   6.428571e-01  -4.20077991  5.48649420 1.0000000
1:22-2:2  -7.142857e-02  -4.91506562  4.77220848 1.0000000
2:22-2:2   8.095238e-01  -4.03411324  5.65316086 1.0000000
1:23-2:2   2.538095e+00  -2.30554182  7.38173229 0.9760434
2:23-2:2   3.928571e+00  -0.91506562  8.77220848 0.3121163
2:3-1:3   -8.142857e-01  -5.65792277  4.02935134 1.0000000
1:4-1:3   -1.992857e+00  -6.83649420  2.85077991 0.9996074
2:4-1:3   -7.547619e-01  -5.59839896  4.08887515 1.0000000
1:5-1:3   -1.071429e+00  -5.91506562  3.77220848 1.0000000
2:5-1:3   -1.707143e+00  -6.55077991  3.13649420 0.9999884
1:6-1:3   -2.328571e+00  -7.17220848  2.51506562 0.9932503
2:6-1:3   -2.778571e+00  -7.62220848  2.06506562 0.9281044
1:7-1:3   -3.369048e+00  -8.21268467  1.47458943 0.6443277
2:7-1:3   -3.159524e+00  -8.00316086  1.68411324 0.7680395
1:8-1:3   -2.650000e+00  -7.49363705  2.19363705 0.9583521
2:8-1:3   -2.861905e+00  -7.70554182  1.98173229 0.9021030
1:9-1:3   -1.621429e+00  -6.46506562  3.22220848 0.9999969
2:9-1:3   -1.992857e+00  -6.83649420  2.85077991 0.9996074
1:10-1:3  -1.259524e+00  -6.10316086  3.58411324 1.0000000
2:10-1:3  -2.004762e+00  -6.84839896  2.83887515 0.9995565
1:11-1:3   5.952381e-01  -4.24839896  5.43887515 1.0000000
2:11-1:3  -5.880952e-01  -5.43173229  4.25554182 1.0000000
1:12-1:3   3.823810e+00  -1.01982753  8.66744658 0.3671696
2:12-1:3   4.221429e+00  -0.62220848  9.06506562 0.1871122
1:13-1:3   8.361905e+00   3.51826771 13.20554182 0.0000023
2:13-1:3   9.590476e+00   4.74683914 14.43411324 0.0000001
1:14-1:3   1.034048e+01   5.49683914 15.18411324 0.0000000
2:14-1:3   1.106667e+01   6.22302961 15.91030372 0.0000000
1:15-1:3   1.054762e+01   5.70398199 15.39125610 0.0000000
2:15-1:3   1.126905e+01   6.42541057 16.11268467 0.0000000
1:16-1:3   8.783333e+00   3.93969628 13.62697039 0.0000006
2:16-1:3   1.105476e+01   6.21112485 15.89839896 0.0000000
1:17-1:3   6.880952e+00   2.03731533 11.72458943 0.0001957
2:17-1:3   9.150000e+00   4.30636295 13.99363705 0.0000002
1:18-1:3   7.171429e+00   2.32779152 12.01506562 0.0000826
2:18-1:3   8.078571e+00   3.23493438 12.92220848 0.0000054
1:19-1:3   3.707143e+00  -1.13649420  8.55077991 0.4339153
2:19-1:3   4.483333e+00  -0.36030372  9.32697039 0.1111100
1:20-1:3   3.704762e+00  -1.13887515  8.54839896 0.4353285
2:20-1:3   1.816667e+00  -3.02697039  6.66030372 0.9999483
1:21-1:3   1.085714e+00  -3.75792277  5.92935134 1.0000000
2:21-1:3   1.804762e+00  -3.03887515  6.64839896 0.9999556
1:22-1:3   1.090476e+00  -3.75316086  5.93411324 1.0000000
2:22-1:3   1.971429e+00  -2.87220848  6.81506562 0.9996862
1:23-1:3   3.700000e+00  -1.14363705  8.54363705 0.4381601
2:23-1:3   5.090476e+00   0.24683914  9.93411324 0.0276566
1:4-2:3   -1.178571e+00  -6.02220848  3.66506562 1.0000000
2:4-2:3    5.952381e-02  -4.78411324  4.90316086 1.0000000
1:5-2:3   -2.571429e-01  -5.10077991  4.58649420 1.0000000
2:5-2:3   -8.928571e-01  -5.73649420  3.95077991 1.0000000
1:6-2:3   -1.514286e+00  -6.35792277  3.32935134 0.9999995
2:6-2:3   -1.964286e+00  -6.80792277  2.87935134 0.9997092
1:7-2:3   -2.554762e+00  -7.39839896  2.28887515 0.9738566
2:7-2:3   -2.345238e+00  -7.18887515  2.49839896 0.9924417
1:8-2:3   -1.835714e+00  -6.67935134  3.00792277 0.9999342
2:8-2:3   -2.047619e+00  -6.89125610  2.79601801 0.9993219
1:9-2:3   -8.071429e-01  -5.65077991  4.03649420 1.0000000
2:9-2:3   -1.178571e+00  -6.02220848  3.66506562 1.0000000
1:10-2:3  -4.452381e-01  -5.28887515  4.39839896 1.0000000
2:10-2:3  -1.190476e+00  -6.03411324  3.65316086 1.0000000
1:11-2:3   1.409524e+00  -3.43411324  6.25316086 0.9999999
2:11-2:3   2.261905e-01  -4.61744658  5.06982753 1.0000000
1:12-2:3   4.638095e+00  -0.20554182  9.48173229 0.0796864
2:12-2:3   5.035714e+00   0.19207723  9.87935134 0.0316275
1:13-2:3   9.176190e+00   4.33255342 14.01982753 0.0000002
2:13-2:3   1.040476e+01   5.56112485 15.24839896 0.0000000
1:14-2:3   1.115476e+01   6.31112485 15.99839896 0.0000000
2:14-2:3   1.188095e+01   7.03731533 16.72458943 0.0000000
1:15-2:3   1.136190e+01   6.51826771 16.20554182 0.0000000
2:15-2:3   1.208333e+01   7.23969628 16.92697039 0.0000000
1:16-2:3   9.597619e+00   4.75398199 14.44125610 0.0000001
2:16-2:3   1.186905e+01   7.02541057 16.71268467 0.0000000
1:17-2:3   7.695238e+00   2.85160104 12.53887515 0.0000171
2:17-2:3   9.964286e+00   5.12064866 14.80792277 0.0000000
1:18-2:3   7.985714e+00   3.14207723 12.82935134 0.0000071
2:18-2:3   8.892857e+00   4.04922009 13.73649420 0.0000005
1:19-2:3   4.521429e+00  -0.32220848  9.36506562 0.1025421
2:19-2:3   5.297619e+00   0.45398199 10.14125610 0.0164347
1:20-2:3   4.519048e+00  -0.32458943  9.36268467 0.1030609
2:20-2:3   2.630952e+00  -2.21268467  7.47458943 0.9618882
1:21-2:3   1.900000e+00  -2.94363705  6.74363705 0.9998576
2:21-2:3   2.619048e+00  -2.22458943  7.46268467 0.9639835
1:22-2:3   1.904762e+00  -2.93887515  6.74839896 0.9998496
2:22-2:3   2.785714e+00  -2.05792277  7.62935134 0.9260791
1:23-2:3   4.514286e+00  -0.32935134  9.35792277 0.1041050
2:23-2:3   5.904762e+00   1.06112485 10.74839896 0.0032438
2:4-1:4    1.238095e+00  -3.60554182  6.08173229 1.0000000
1:5-1:4    9.214286e-01  -3.92220848  5.76506562 1.0000000
2:5-1:4    2.857143e-01  -4.55792277  5.12935134 1.0000000
1:6-1:4   -3.357143e-01  -5.17935134  4.50792277 1.0000000
2:6-1:4   -7.857143e-01  -5.62935134  4.05792277 1.0000000
1:7-1:4   -1.376190e+00  -6.21982753  3.46744658 1.0000000
2:7-1:4   -1.166667e+00  -6.01030372  3.67697039 1.0000000
1:8-1:4   -6.571429e-01  -5.50077991  4.18649420 1.0000000
2:8-1:4   -8.690476e-01  -5.71268467  3.97458943 1.0000000
1:9-1:4    3.714286e-01  -4.47220848  5.21506562 1.0000000
2:9-1:4    4.440892e-16  -4.84363705  4.84363705 1.0000000
1:10-1:4   7.333333e-01  -4.11030372  5.57697039 1.0000000
2:10-1:4  -1.190476e-02  -4.85554182  4.83173229 1.0000000
1:11-1:4   2.588095e+00  -2.25554182  7.43173229 0.9690325
2:11-1:4   1.404762e+00  -3.43887515  6.24839896 0.9999999
1:12-1:4   5.816667e+00   0.97302961 10.66030372 0.0041360
2:12-1:4   6.214286e+00   1.37064866 11.05792277 0.0013593
1:13-1:4   1.035476e+01   5.51112485 15.19839896 0.0000000
2:13-1:4   1.158333e+01   6.73969628 16.42697039 0.0000000
1:14-1:4   1.233333e+01   7.48969628 17.17697039 0.0000000
2:14-1:4   1.305952e+01   8.21588676 17.90316086 0.0000000
1:15-1:4   1.254048e+01   7.69683914 17.38411324 0.0000000
2:15-1:4   1.326190e+01   8.41826771 18.10554182 0.0000000
1:16-1:4   1.077619e+01   5.93255342 15.61982753 0.0000000
2:16-1:4   1.304762e+01   8.20398199 17.89125610 0.0000000
1:17-1:4   8.873810e+00   4.03017247 13.71744658 0.0000005
2:17-1:4   1.114286e+01   6.29922009 15.98649420 0.0000000
1:18-1:4   9.164286e+00   4.32064866 14.00792277 0.0000002
2:18-1:4   1.007143e+01   5.22779152 14.91506562 0.0000000
1:19-1:4   5.700000e+00   0.85636295 10.54363705 0.0056857
2:19-1:4   6.476190e+00   1.63255342 11.31982753 0.0006406
1:20-1:4   5.697619e+00   0.85398199 10.54125610 0.0057225
2:20-1:4   3.809524e+00  -1.03411324  8.65316086 0.3750562
1:21-1:4   3.078571e+00  -1.76506562  7.92220848 0.8103887
2:21-1:4   3.797619e+00  -1.04601801  8.64125610 0.3816933
1:22-1:4   3.083333e+00  -1.76030372  7.92697039 0.8080066
2:22-1:4   3.964286e+00  -0.87935134  8.80792277 0.2945374
1:23-1:4   5.692857e+00   0.84922009 10.53649420 0.0057967
2:23-1:4   7.083333e+00   2.23969628 11.92697039 0.0001074
1:5-2:4   -3.166667e-01  -5.16030372  4.52697039 1.0000000
2:5-2:4   -9.523810e-01  -5.79601801  3.89125610 1.0000000
1:6-2:4   -1.573810e+00  -6.41744658  3.26982753 0.9999986
2:6-2:4   -2.023810e+00  -6.86744658  2.81982753 0.9994629
1:7-2:4   -2.614286e+00  -7.45792277  2.22935134 0.9647973
2:7-2:4   -2.404762e+00  -7.24839896  2.43887515 0.9888840
1:8-2:4   -1.895238e+00  -6.73887515  2.94839896 0.9998653
2:8-2:4   -2.107143e+00  -6.95077991  2.73649420 0.9988195
1:9-2:4   -8.666667e-01  -5.71030372  3.97697039 1.0000000
2:9-2:4   -1.238095e+00  -6.08173229  3.60554182 1.0000000
1:10-2:4  -5.047619e-01  -5.34839896  4.33887515 1.0000000
2:10-2:4  -1.250000e+00  -6.09363705  3.59363705 1.0000000
1:11-2:4   1.350000e+00  -3.49363705  6.19363705 1.0000000
2:11-2:4   1.666667e-01  -4.67697039  5.01030372 1.0000000
1:12-2:4   4.578571e+00  -0.26506562  9.42220848 0.0907351
2:12-2:4   4.976190e+00   0.13255342  9.81982753 0.0365290
1:13-2:4   9.116667e+00   4.27302961 13.96030372 0.0000002
2:13-2:4   1.034524e+01   5.50160104 15.18887515 0.0000000
1:14-2:4   1.109524e+01   6.25160104 15.93887515 0.0000000
2:14-2:4   1.182143e+01   6.97779152 16.66506562 0.0000000
1:15-2:4   1.130238e+01   6.45874390 16.14601801 0.0000000
2:15-2:4   1.202381e+01   7.18017247 16.86744658 0.0000000
1:16-2:4   9.538095e+00   4.69445818 14.38173229 0.0000001
2:16-2:4   1.180952e+01   6.96588676 16.65316086 0.0000000
1:17-2:4   7.635714e+00   2.79207723 12.47935134 0.0000205
2:17-2:4   9.904762e+00   5.06112485 14.74839896 0.0000000
1:18-2:4   7.926190e+00   3.08255342 12.76982753 0.0000085
2:18-2:4   8.833333e+00   3.98969628 13.67697039 0.0000005
1:19-2:4   4.461905e+00  -0.38173229  9.30554182 0.1161855
2:19-2:4   5.238095e+00   0.39445818 10.08173229 0.0191243
1:20-2:4   4.459524e+00  -0.38411324  9.30316086 0.1167611
2:20-2:4   2.571429e+00  -2.27220848  7.41506562 0.9715214
1:21-2:4   1.840476e+00  -3.00316086  6.68411324 0.9999302
2:21-2:4   2.559524e+00  -2.28411324  7.40316086 0.9732048
1:22-2:4   1.845238e+00  -2.99839896  6.68887515 0.9999260
2:22-2:4   2.726190e+00  -2.11744658  7.56982753 0.9418212
1:23-2:4   4.454762e+00  -0.38887515  9.29839896 0.1179194
2:23-2:4   5.845238e+00   1.00160104 10.68887515 0.0038235
2:5-1:5   -6.357143e-01  -5.47935134  4.20792277 1.0000000
1:6-1:5   -1.257143e+00  -6.10077991  3.58649420 1.0000000
2:6-1:5   -1.707143e+00  -6.55077991  3.13649420 0.9999884
1:7-1:5   -2.297619e+00  -7.14125610  2.54601801 0.9945635
2:7-1:5   -2.088095e+00  -6.93173229  2.75554182 0.9990071
1:8-1:5   -1.578571e+00  -6.42220848  3.26506562 0.9999985
2:8-1:5   -1.790476e+00  -6.63411324  3.05316086 0.9999632
1:9-1:5   -5.500000e-01  -5.39363705  4.29363705 1.0000000
2:9-1:5   -9.214286e-01  -5.76506562  3.92220848 1.0000000
1:10-1:5  -1.880952e-01  -5.03173229  4.65554182 1.0000000
2:10-1:5  -9.333333e-01  -5.77697039  3.91030372 1.0000000
1:11-1:5   1.666667e+00  -3.17697039  6.51030372 0.9999937
2:11-1:5   4.833333e-01  -4.36030372  5.32697039 1.0000000
1:12-1:5   4.895238e+00   0.05160104  9.73887515 0.0443004
2:12-1:5   5.292857e+00   0.44922009 10.13649420 0.0166361
1:13-1:5   9.433333e+00   4.58969628 14.27697039 0.0000001
2:13-1:5   1.066190e+01   5.81826771 15.50554182 0.0000000
1:14-1:5   1.141190e+01   6.56826771 16.25554182 0.0000000
2:14-1:5   1.213810e+01   7.29445818 16.98173229 0.0000000
1:15-1:5   1.161905e+01   6.77541057 16.46268467 0.0000000
2:15-1:5   1.234048e+01   7.49683914 17.18411324 0.0000000
1:16-1:5   9.854762e+00   5.01112485 14.69839896 0.0000000
2:16-1:5   1.212619e+01   7.28255342 16.96982753 0.0000000
1:17-1:5   7.952381e+00   3.10874390 12.79601801 0.0000079
2:17-1:5   1.022143e+01   5.37779152 15.06506562 0.0000000
1:18-1:5   8.242857e+00   3.39922009 13.08649420 0.0000033
2:18-1:5   9.150000e+00   4.30636295 13.99363705 0.0000002
1:19-1:5   4.778571e+00  -0.06506562  9.62220848 0.0581139
2:19-1:5   5.554762e+00   0.71112485 10.39839896 0.0083975
1:20-1:5   4.776190e+00  -0.06744658  9.61982753 0.0584317
2:20-1:5   2.888095e+00  -1.95554182  7.73173229 0.8928493
1:21-1:5   2.157143e+00  -2.68649420  7.00077991 0.9981748
2:21-1:5   2.876190e+00  -1.96744658  7.71982753 0.8971199
1:22-1:5   2.161905e+00  -2.68173229  7.00554182 0.9981001
2:22-1:5   3.042857e+00  -1.80077991  7.88649420 0.8277877
1:23-1:5   4.771429e+00  -0.07220848  9.61506562 0.0590720
2:23-1:5   6.161905e+00   1.31826771 11.00554182 0.0015774
1:6-2:5   -6.214286e-01  -5.46506562  4.22220848 1.0000000
2:6-2:5   -1.071429e+00  -5.91506562  3.77220848 1.0000000
1:7-2:5   -1.661905e+00  -6.50554182  3.18173229 0.9999941
2:7-2:5   -1.452381e+00  -6.29601801  3.39125610 0.9999999
1:8-2:5   -9.428571e-01  -5.78649420  3.90077991 1.0000000
2:8-2:5   -1.154762e+00  -5.99839896  3.68887515 1.0000000
1:9-2:5    8.571429e-02  -4.75792277  4.92935134 1.0000000
2:9-2:5   -2.857143e-01  -5.12935134  4.55792277 1.0000000
1:10-2:5   4.476190e-01  -4.39601801  5.29125610 1.0000000
2:10-2:5  -2.976190e-01  -5.14125610  4.54601801 1.0000000
1:11-2:5   2.302381e+00  -2.54125610  7.14601801 0.9943765
2:11-2:5   1.119048e+00  -3.72458943  5.96268467 1.0000000
1:12-2:5   5.530952e+00   0.68731533 10.37458943 0.0089457
2:12-2:5   5.928571e+00   1.08493438 10.77220848 0.0030365
1:13-2:5   1.006905e+01   5.22541057 14.91268467 0.0000000
2:13-2:5   1.129762e+01   6.45398199 16.14125610 0.0000000
1:14-2:5   1.204762e+01   7.20398199 16.89125610 0.0000000
2:14-2:5   1.277381e+01   7.93017247 17.61744658 0.0000000
1:15-2:5   1.225476e+01   7.41112485 17.09839896 0.0000000
2:15-2:5   1.297619e+01   8.13255342 17.81982753 0.0000000
1:16-2:5   1.049048e+01   5.64683914 15.33411324 0.0000000
2:16-2:5   1.276190e+01   7.91826771 17.60554182 0.0000000
1:17-2:5   8.588095e+00   3.74445818 13.43173229 0.0000011
2:17-2:5   1.085714e+01   6.01350580 15.70077991 0.0000000
1:18-2:5   8.878571e+00   4.03493438 13.72220848 0.0000005
2:18-2:5   9.785714e+00   4.94207723 14.62935134 0.0000000
1:19-2:5   5.414286e+00   0.57064866 10.25792277 0.0121578
2:19-2:5   6.190476e+00   1.34683914 11.03411324 0.0014546
1:20-2:5   5.411905e+00   0.56826771 10.25554182 0.0122335
2:20-2:5   3.523810e+00  -1.31982753  8.36744658 0.5468092
1:21-2:5   2.792857e+00  -2.05077991  7.63649420 0.9240160
2:21-2:5   3.511905e+00  -1.33173229  8.35554182 0.5543245
1:22-2:5   2.797619e+00  -2.04601801  7.64125610 0.9226195
2:22-2:5   3.678571e+00  -1.16506562  8.52220848 0.4509889
1:23-2:5   5.407143e+00   0.56350580 10.25077991 0.0123863
2:23-2:5   6.797619e+00   1.95398199 11.64125610 0.0002503
2:6-1:6   -4.500000e-01  -5.29363705  4.39363705 1.0000000
1:7-1:6   -1.040476e+00  -5.88411324  3.80316086 1.0000000
2:7-1:6   -8.309524e-01  -5.67458943  4.01268467 1.0000000
1:8-1:6   -3.214286e-01  -5.16506562  4.52220848 1.0000000
2:8-1:6   -5.333333e-01  -5.37697039  4.31030372 1.0000000
1:9-1:6    7.071429e-01  -4.13649420  5.55077991 1.0000000
2:9-1:6    3.357143e-01  -4.50792277  5.17935134 1.0000000
1:10-1:6   1.069048e+00  -3.77458943  5.91268467 1.0000000
2:10-1:6   3.238095e-01  -4.51982753  5.16744658 1.0000000
1:11-1:6   2.923810e+00  -1.91982753  7.76744658 0.8793958
2:11-1:6   1.740476e+00  -3.10316086  6.58411324 0.9999814
1:12-1:6   6.152381e+00   1.30874390 10.99601801 0.0016206
2:12-1:6   6.550000e+00   1.70636295 11.39363705 0.0005170
1:13-1:6   1.069048e+01   5.84683914 15.53411324 0.0000000
2:13-1:6   1.191905e+01   7.07541057 16.76268467 0.0000000
1:14-1:6   1.266905e+01   7.82541057 17.51268467 0.0000000
2:14-1:6   1.339524e+01   8.55160104 18.23887515 0.0000000
1:15-1:6   1.287619e+01   8.03255342 17.71982753 0.0000000
2:15-1:6   1.359762e+01   8.75398199 18.44125610 0.0000000
1:16-1:6   1.111190e+01   6.26826771 15.95554182 0.0000000
2:16-1:6   1.338333e+01   8.53969628 18.22697039 0.0000000
1:17-1:6   9.209524e+00   4.36588676 14.05316086 0.0000002
2:17-1:6   1.147857e+01   6.63493438 16.32220848 0.0000000
1:18-1:6   9.500000e+00   4.65636295 14.34363705 0.0000001
2:18-1:6   1.040714e+01   5.56350580 15.25077991 0.0000000
1:19-1:6   6.035714e+00   1.19207723 10.87935134 0.0022517
2:19-1:6   6.811905e+00   1.96826771 11.65554182 0.0002400
1:20-1:6   6.033333e+00   1.18969628 10.87697039 0.0022668
2:20-1:6   4.145238e+00  -0.69839896  8.98887515 0.2154065
1:21-1:6   3.414286e+00  -1.42935134  8.25792277 0.6159987
2:21-1:6   4.133333e+00  -0.71030372  8.97697039 0.2200950
1:22-1:6   3.419048e+00  -1.42458943  8.26268467 0.6130011
2:22-1:6   4.300000e+00  -0.54363705  9.14363705 0.1609678
1:23-1:6   6.028571e+00   1.18493438 10.87220848 0.0022972
2:23-1:6   7.419048e+00   2.57541057 12.26268467 0.0000393
1:7-2:6   -5.904762e-01  -5.43411324  4.25316086 1.0000000
2:7-2:6   -3.809524e-01  -5.22458943  4.46268467 1.0000000
1:8-2:6    1.285714e-01  -4.71506562  4.97220848 1.0000000
2:8-2:6   -8.333333e-02  -4.92697039  4.76030372 1.0000000
1:9-2:6    1.157143e+00  -3.68649420  6.00077991 1.0000000
2:9-2:6    7.857143e-01  -4.05792277  5.62935134 1.0000000
1:10-2:6   1.519048e+00  -3.32458943  6.36268467 0.9999995
2:10-2:6   7.738095e-01  -4.06982753  5.61744658 1.0000000
1:11-2:6   3.373810e+00  -1.46982753  8.21744658 0.6413609
2:11-2:6   2.190476e+00  -2.65316086  7.03411324 0.9975944
1:12-2:6   6.602381e+00   1.75874390 11.44601801 0.0004438
2:12-2:6   7.000000e+00   2.15636295 11.84363705 0.0001376
1:13-2:6   1.114048e+01   6.29683914 15.98411324 0.0000000
2:13-2:6   1.236905e+01   7.52541057 17.21268467 0.0000000
1:14-2:6   1.311905e+01   8.27541057 17.96268467 0.0000000
2:14-2:6   1.384524e+01   9.00160104 18.68887515 0.0000000
1:15-2:6   1.332619e+01   8.48255342 18.16982753 0.0000000
2:15-2:6   1.404762e+01   9.20398199 18.89125610 0.0000000
1:16-2:6   1.156190e+01   6.71826771 16.40554182 0.0000000
2:16-2:6   1.383333e+01   8.98969628 18.67697039 0.0000000
1:17-2:6   9.659524e+00   4.81588676 14.50316086 0.0000000
2:17-2:6   1.192857e+01   7.08493438 16.77220848 0.0000000
1:18-2:6   9.950000e+00   5.10636295 14.79363705 0.0000000
2:18-2:6   1.085714e+01   6.01350580 15.70077991 0.0000000
1:19-2:6   6.485714e+00   1.64207723 11.32935134 0.0006231
2:19-2:6   7.261905e+00   2.41826771 12.10554182 0.0000630
1:20-2:6   6.483333e+00   1.63969628 11.32697039 0.0006274
2:20-2:6   4.595238e+00  -0.24839896  9.43887515 0.0875169
1:21-2:6   3.864286e+00  -0.97935134  8.70792277 0.3453039
2:21-2:6   4.583333e+00  -0.26030372  9.42697039 0.0898055
1:22-2:6   3.869048e+00  -0.97458943  8.71268467 0.3427796
2:22-2:6   4.750000e+00  -0.09363705  9.59363705 0.0620306
1:23-2:6   6.478571e+00   1.63493438 11.32220848 0.0006362
2:23-2:6   7.869048e+00   3.02541057 12.71268467 0.0000101
2:7-1:7    2.095238e-01  -4.63411324  5.05316086 1.0000000
1:8-1:7    7.190476e-01  -4.12458943  5.56268467 1.0000000
2:8-1:7    5.071429e-01  -4.33649420  5.35077991 1.0000000
1:9-1:7    1.747619e+00  -3.09601801  6.59125610 0.9999794
2:9-1:7    1.376190e+00  -3.46744658  6.21982753 1.0000000
1:10-1:7   2.109524e+00  -2.73411324  6.95316086 0.9987940
2:10-1:7   1.364286e+00  -3.47935134  6.20792277 1.0000000
1:11-1:7   3.964286e+00  -0.87935134  8.80792277 0.2945374
2:11-1:7   2.780952e+00  -2.06268467  7.62458943 0.9274335
1:12-1:7   7.192857e+00   2.34922009 12.03649420 0.0000774
2:12-1:7   7.590476e+00   2.74683914 12.43411324 0.0000235
1:13-1:7   1.173095e+01   6.88731533 16.57458943 0.0000000
2:13-1:7   1.295952e+01   8.11588676 17.80316086 0.0000000
1:14-1:7   1.370952e+01   8.86588676 18.55316086 0.0000000
2:14-1:7   1.443571e+01   9.59207723 19.27935134 0.0000000
1:15-1:7   1.391667e+01   9.07302961 18.76030372 0.0000000
2:15-1:7   1.463810e+01   9.79445818 19.48173229 0.0000000
1:16-1:7   1.215238e+01   7.30874390 16.99601801 0.0000000
2:16-1:7   1.442381e+01   9.58017247 19.26744658 0.0000000
1:17-1:7   1.025000e+01   5.40636295 15.09363705 0.0000000
2:17-1:7   1.251905e+01   7.67541057 17.36268467 0.0000000
1:18-1:7   1.054048e+01   5.69683914 15.38411324 0.0000000
2:18-1:7   1.144762e+01   6.60398199 16.29125610 0.0000000
1:19-1:7   7.076190e+00   2.23255342 11.91982753 0.0001097
2:19-1:7   7.852381e+00   3.00874390 12.69601801 0.0000106
1:20-1:7   7.073810e+00   2.23017247 11.91744658 0.0001104
2:20-1:7   5.185714e+00   0.34207723 10.02935134 0.0218244
1:21-1:7   4.454762e+00  -0.38887515  9.29839896 0.1179194
2:21-1:7   5.173810e+00   0.33017247 10.01744658 0.0224855
1:22-1:7   4.459524e+00  -0.38411324  9.30316086 0.1167611
2:22-1:7   5.340476e+00   0.49683914 10.18411324 0.0147217
1:23-1:7   7.069048e+00   2.22541057 11.91268467 0.0001120
2:23-1:7   8.459524e+00   3.61588676 13.30316086 0.0000017
1:8-2:7    5.095238e-01  -4.33411324  5.35316086 1.0000000
2:8-2:7    2.976190e-01  -4.54601801  5.14125610 1.0000000
1:9-2:7    1.538095e+00  -3.30554182  6.38173229 0.9999993
2:9-2:7    1.166667e+00  -3.67697039  6.01030372 1.0000000
1:10-2:7   1.900000e+00  -2.94363705  6.74363705 0.9998576
2:10-2:7   1.154762e+00  -3.68887515  5.99839896 1.0000000
1:11-2:7   3.754762e+00  -1.08887515  8.59839896 0.4060547
2:11-2:7   2.571429e+00  -2.27220848  7.41506562 0.9715214
1:12-2:7   6.983333e+00   2.13969628 11.82697039 0.0001445
2:12-2:7   7.380952e+00   2.53731533 12.22458943 0.0000441
1:13-2:7   1.152143e+01   6.67779152 16.36506562 0.0000000
2:13-2:7   1.275000e+01   7.90636295 17.59363705 0.0000000
1:14-2:7   1.350000e+01   8.65636295 18.34363705 0.0000000
2:14-2:7   1.422619e+01   9.38255342 19.06982753 0.0000000
1:15-2:7   1.370714e+01   8.86350580 18.55077991 0.0000000
2:15-2:7   1.442857e+01   9.58493438 19.27220848 0.0000000
1:16-2:7   1.194286e+01   7.09922009 16.78649420 0.0000000
2:16-2:7   1.421429e+01   9.37064866 19.05792277 0.0000000
1:17-2:7   1.004048e+01   5.19683914 14.88411324 0.0000000
2:17-2:7   1.230952e+01   7.46588676 17.15316086 0.0000000
1:18-2:7   1.033095e+01   5.48731533 15.17458943 0.0000000
2:18-2:7   1.123810e+01   6.39445818 16.08173229 0.0000000
1:19-2:7   6.866667e+00   2.02302961 11.71030372 0.0002042
2:19-2:7   7.642857e+00   2.79922009 12.48649420 0.0000200
1:20-2:7   6.864286e+00   2.02064866 11.70792277 0.0002056
2:20-2:7   4.976190e+00   0.13255342  9.81982753 0.0365290
1:21-2:7   4.245238e+00  -0.59839896  9.08887515 0.1788695
2:21-2:7   4.964286e+00   0.12064866  9.80792277 0.0375884
1:22-2:7   4.250000e+00  -0.59363705  9.09363705 0.1772547
2:22-2:7   5.130952e+00   0.28731533  9.97458943 0.0250217
1:23-2:7   6.859524e+00   2.01588676 11.70316086 0.0002085
2:23-2:7   8.250000e+00   3.40636295 13.09363705 0.0000032
2:8-1:8   -2.119048e-01  -5.05554182  4.63173229 1.0000000
1:9-1:8    1.028571e+00  -3.81506562  5.87220848 1.0000000
2:9-1:8    6.571429e-01  -4.18649420  5.50077991 1.0000000
1:10-1:8   1.390476e+00  -3.45316086  6.23411324 1.0000000
2:10-1:8   6.452381e-01  -4.19839896  5.48887515 1.0000000
1:11-1:8   3.245238e+00  -1.59839896  8.08887515 0.7194299
2:11-1:8   2.061905e+00  -2.78173229  6.90554182 0.9992225
1:12-1:8   6.473810e+00   1.63017247 11.31744658 0.0006450
2:12-1:8   6.871429e+00   2.02779152 11.71506562 0.0002013
1:13-1:8   1.101190e+01   6.16826771 15.85554182 0.0000000
2:13-1:8   1.224048e+01   7.39683914 17.08411324 0.0000000
1:14-1:8   1.299048e+01   8.14683914 17.83411324 0.0000000
2:14-1:8   1.371667e+01   8.87302961 18.56030372 0.0000000
1:15-1:8   1.319762e+01   8.35398199 18.04125610 0.0000000
2:15-1:8   1.391905e+01   9.07541057 18.76268467 0.0000000
1:16-1:8   1.143333e+01   6.58969628 16.27697039 0.0000000
2:16-1:8   1.370476e+01   8.86112485 18.54839896 0.0000000
1:17-1:8   9.530952e+00   4.68731533 14.37458943 0.0000001
2:17-1:8   1.180000e+01   6.95636295 16.64363705 0.0000000
1:18-1:8   9.821429e+00   4.97779152 14.66506562 0.0000000
2:18-1:8   1.072857e+01   5.88493438 15.57220848 0.0000000
1:19-1:8   6.357143e+00   1.51350580 11.20077991 0.0009032
2:19-1:8   7.133333e+00   2.28969628 11.97697039 0.0000925
1:20-1:8   6.354762e+00   1.51112485 11.19839896 0.0009095
2:20-1:8   4.466667e+00  -0.37697039  9.31030372 0.1150414
1:21-1:8   3.735714e+00  -1.10792277  8.57935134 0.4171042
2:21-1:8   4.454762e+00  -0.38887515  9.29839896 0.1179194
1:22-1:8   3.740476e+00  -1.10316086  8.58411324 0.4143296
2:22-1:8   4.621429e+00  -0.22220848  9.46506562 0.0826569
1:23-1:8   6.350000e+00   1.50636295 11.19363705 0.0009220
2:23-1:8   7.740476e+00   2.89683914 12.58411324 0.0000149
1:9-2:8    1.240476e+00  -3.60316086  6.08411324 1.0000000
2:9-2:8    8.690476e-01  -3.97458943  5.71268467 1.0000000
1:10-2:8   1.602381e+00  -3.24125610  6.44601801 0.9999977
2:10-2:8   8.571429e-01  -3.98649420  5.70077991 1.0000000
1:11-2:8   3.457143e+00  -1.38649420  8.30077991 0.5889548
2:11-2:8   2.273810e+00  -2.56982753  7.11744658 0.9954230
1:12-2:8   6.685714e+00   1.84207723 11.52935134 0.0003478
2:12-2:8   7.083333e+00   2.23969628 11.92697039 0.0001074
1:13-2:8   1.122381e+01   6.38017247 16.06744658 0.0000000
2:13-2:8   1.245238e+01   7.60874390 17.29601801 0.0000000
1:14-2:8   1.320238e+01   8.35874390 18.04601801 0.0000000
2:14-2:8   1.392857e+01   9.08493438 18.77220848 0.0000000
1:15-2:8   1.340952e+01   8.56588676 18.25316086 0.0000000
2:15-2:8   1.413095e+01   9.28731533 18.97458943 0.0000000
1:16-2:8   1.164524e+01   6.80160104 16.48887515 0.0000000
2:16-2:8   1.391667e+01   9.07302961 18.76030372 0.0000000
1:17-2:8   9.742857e+00   4.89922009 14.58649420 0.0000000
2:17-2:8   1.201190e+01   7.16826771 16.85554182 0.0000000
1:18-2:8   1.003333e+01   5.18969628 14.87697039 0.0000000
2:18-2:8   1.094048e+01   6.09683914 15.78411324 0.0000000
1:19-2:8   6.569048e+00   1.72541057 11.41268467 0.0004891
2:19-2:8   7.345238e+00   2.50160104 12.18887515 0.0000491
1:20-2:8   6.566667e+00   1.72302961 11.41030372 0.0004925
2:20-2:8   4.678571e+00  -0.16506562  9.52220848 0.0728528
1:21-2:8   3.947619e+00  -0.89601801  8.79125610 0.3026627
2:21-2:8   4.666667e+00  -0.17697039  9.51030372 0.0748078
1:22-2:8   3.952381e+00  -0.89125610  8.79601801 0.3003272
2:22-2:8   4.833333e+00  -0.01030372  9.67697039 0.0512136
1:23-2:8   6.561905e+00   1.71826771 11.40554182 0.0004994
2:23-2:8   7.952381e+00   3.10874390 12.79601801 0.0000079
2:9-1:9   -3.714286e-01  -5.21506562  4.47220848 1.0000000
1:10-1:9   3.619048e-01  -4.48173229  5.20554182 1.0000000
2:10-1:9  -3.833333e-01  -5.22697039  4.46030372 1.0000000
1:11-1:9   2.216667e+00  -2.62697039  7.06030372 0.9970345
2:11-1:9   1.033333e+00  -3.81030372  5.87697039 1.0000000
1:12-1:9   5.445238e+00   0.60160104 10.28887515 0.0112131
2:12-1:9   5.842857e+00   0.99922009 10.68649420 0.0038487
1:13-1:9   9.983333e+00   5.13969628 14.82697039 0.0000000
2:13-1:9   1.121190e+01   6.36826771 16.05554182 0.0000000
1:14-1:9   1.196190e+01   7.11826771 16.80554182 0.0000000
2:14-1:9   1.268810e+01   7.84445818 17.53173229 0.0000000
1:15-1:9   1.216905e+01   7.32541057 17.01268467 0.0000000
2:15-1:9   1.289048e+01   8.04683914 17.73411324 0.0000000
1:16-1:9   1.040476e+01   5.56112485 15.24839896 0.0000000
2:16-1:9   1.267619e+01   7.83255342 17.51982753 0.0000000
1:17-1:9   8.502381e+00   3.65874390 13.34601801 0.0000015
2:17-1:9   1.077143e+01   5.92779152 15.61506562 0.0000000
1:18-1:9   8.792857e+00   3.94922009 13.63649420 0.0000006
2:18-1:9   9.700000e+00   4.85636295 14.54363705 0.0000000
1:19-1:9   5.328571e+00   0.48493438 10.17220848 0.0151800
2:19-1:9   6.104762e+00   1.26112485 10.94839896 0.0018541
1:20-1:9   5.326190e+00   0.48255342 10.16982753 0.0152732
2:20-1:9   3.438095e+00  -1.40554182  8.28173229 0.6009900
1:21-1:9   2.707143e+00  -2.13649420  7.55077991 0.9463243
2:21-1:9   3.426190e+00  -1.41744658  8.26982753 0.6085005
1:22-1:9   2.711905e+00  -2.13173229  7.55554182 0.9452223
2:22-1:9   3.592857e+00  -1.25077991  8.43649420 0.5035115
1:23-1:9   5.321429e+00   0.47779152 10.16506562 0.0154613
2:23-1:9   6.711905e+00   1.86826771 11.55554182 0.0003221
1:10-2:9   7.333333e-01  -4.11030372  5.57697039 1.0000000
2:10-2:9  -1.190476e-02  -4.85554182  4.83173229 1.0000000
1:11-2:9   2.588095e+00  -2.25554182  7.43173229 0.9690325
2:11-2:9   1.404762e+00  -3.43887515  6.24839896 0.9999999
1:12-2:9   5.816667e+00   0.97302961 10.66030372 0.0041360
2:12-2:9   6.214286e+00   1.37064866 11.05792277 0.0013593
1:13-2:9   1.035476e+01   5.51112485 15.19839896 0.0000000
2:13-2:9   1.158333e+01   6.73969628 16.42697039 0.0000000
1:14-2:9   1.233333e+01   7.48969628 17.17697039 0.0000000
2:14-2:9   1.305952e+01   8.21588676 17.90316086 0.0000000
1:15-2:9   1.254048e+01   7.69683914 17.38411324 0.0000000
2:15-2:9   1.326190e+01   8.41826771 18.10554182 0.0000000
1:16-2:9   1.077619e+01   5.93255342 15.61982753 0.0000000
2:16-2:9   1.304762e+01   8.20398199 17.89125610 0.0000000
1:17-2:9   8.873810e+00   4.03017247 13.71744658 0.0000005
2:17-2:9   1.114286e+01   6.29922009 15.98649420 0.0000000
1:18-2:9   9.164286e+00   4.32064866 14.00792277 0.0000002
2:18-2:9   1.007143e+01   5.22779152 14.91506562 0.0000000
1:19-2:9   5.700000e+00   0.85636295 10.54363705 0.0056857
2:19-2:9   6.476190e+00   1.63255342 11.31982753 0.0006406
1:20-2:9   5.697619e+00   0.85398199 10.54125610 0.0057225
2:20-2:9   3.809524e+00  -1.03411324  8.65316086 0.3750562
1:21-2:9   3.078571e+00  -1.76506562  7.92220848 0.8103887
2:21-2:9   3.797619e+00  -1.04601801  8.64125610 0.3816933
1:22-2:9   3.083333e+00  -1.76030372  7.92697039 0.8080066
2:22-2:9   3.964286e+00  -0.87935134  8.80792277 0.2945374
1:23-2:9   5.692857e+00   0.84922009 10.53649420 0.0057967
2:23-2:9   7.083333e+00   2.23969628 11.92697039 0.0001074
2:10-1:10 -7.452381e-01  -5.58887515  4.09839896 1.0000000
1:11-1:10  1.854762e+00  -2.98887515  6.69839896 0.9999168
2:11-1:10  6.714286e-01  -4.17220848  5.51506562 1.0000000
1:12-1:10  5.083333e+00   0.23969628  9.92697039 0.0281472
2:12-1:10  5.480952e+00   0.63731533 10.32458943 0.0102092
1:13-1:10  9.621429e+00   4.77779152 14.46506562 0.0000001
2:13-1:10  1.085000e+01   6.00636295 15.69363705 0.0000000
1:14-1:10  1.160000e+01   6.75636295 16.44363705 0.0000000
2:14-1:10  1.232619e+01   7.48255342 17.16982753 0.0000000
1:15-1:10  1.180714e+01   6.96350580 16.65077991 0.0000000
2:15-1:10  1.252857e+01   7.68493438 17.37220848 0.0000000
1:16-1:10  1.004286e+01   5.19922009 14.88649420 0.0000000
2:16-1:10  1.231429e+01   7.47064866 17.15792277 0.0000000
1:17-1:10  8.140476e+00   3.29683914 12.98411324 0.0000044
2:17-1:10  1.040952e+01   5.56588676 15.25316086 0.0000000
1:18-1:10  8.430952e+00   3.58731533 13.27458943 0.0000018
2:18-1:10  9.338095e+00   4.49445818 14.18173229 0.0000001
1:19-1:10  4.966667e+00   0.12302961  9.81030372 0.0373743
2:19-1:10  5.742857e+00   0.89922009 10.58649420 0.0050609
1:20-1:10  4.964286e+00   0.12064866  9.80792277 0.0375884
2:20-1:10  3.076190e+00  -1.76744658  7.91982753 0.8115744
1:21-1:10  2.345238e+00  -2.49839896  7.18887515 0.9924417
2:21-1:10  3.064286e+00  -1.77935134  7.90792277 0.8174483
1:22-1:10  2.350000e+00  -2.49363705  7.19363705 0.9921966
2:22-1:10  3.230952e+00  -1.61268467  8.07458943 0.7277625
1:23-1:10  4.959524e+00   0.11588676  9.80316086 0.0380200
2:23-1:10  6.350000e+00   1.50636295 11.19363705 0.0009220
1:11-2:10  2.600000e+00  -2.24363705  7.44363705 0.9671574
2:11-2:10  1.416667e+00  -3.42697039  6.26030372 0.9999999
1:12-2:10  5.828571e+00   0.98493438 10.67220848 0.0040029
2:12-2:10  6.226190e+00   1.38255342 11.06982753 0.0013140
1:13-2:10  1.036667e+01   5.52302961 15.21030372 0.0000000
2:13-2:10  1.159524e+01   6.75160104 16.43887515 0.0000000
1:14-2:10  1.234524e+01   7.50160104 17.18887515 0.0000000
2:14-2:10  1.307143e+01   8.22779152 17.91506562 0.0000000
1:15-2:10  1.255238e+01   7.70874390 17.39601801 0.0000000
2:15-2:10  1.327381e+01   8.43017247 18.11744658 0.0000000
1:16-2:10  1.078810e+01   5.94445818 15.63173229 0.0000000
2:16-2:10  1.305952e+01   8.21588676 17.90316086 0.0000000
1:17-2:10  8.885714e+00   4.04207723 13.72935134 0.0000005
2:17-2:10  1.115476e+01   6.31112485 15.99839896 0.0000000
1:18-2:10  9.176190e+00   4.33255342 14.01982753 0.0000002
2:18-2:10  1.008333e+01   5.23969628 14.92697039 0.0000000
1:19-2:10  5.711905e+00   0.86826771 10.55554182 0.0055051
2:19-2:10  6.488095e+00   1.64445818 11.33173229 0.0006188
1:20-2:10  5.709524e+00   0.86588676 10.55316086 0.0055407
2:20-2:10  3.821429e+00  -1.02220848  8.66506562 0.3684780
1:21-2:10  3.090476e+00  -1.75316086  7.93411324 0.8044067
2:21-2:10  3.809524e+00  -1.03411324  8.65316086 0.3750562
1:22-2:10  3.095238e+00  -1.74839896  7.93887515 0.8019891
2:22-2:10  3.976190e+00  -0.86744658  8.81982753 0.2888181
1:23-2:10  5.704762e+00   0.86112485 10.54839896 0.0056128
2:23-2:10  7.095238e+00   2.25160104 11.93887515 0.0001036
2:11-1:11 -1.183333e+00  -6.02697039  3.66030372 1.0000000
1:12-1:11  3.228571e+00  -1.61506562  8.07220848 0.7291430
2:12-1:11  3.626190e+00  -1.21744658  8.46982753 0.4828835
1:13-1:11  7.766667e+00   2.92302961 12.61030372 0.0000138
2:13-1:11  8.995238e+00   4.15160104 13.83887515 0.0000003
1:14-1:11  9.745238e+00   4.90160104 14.58887515 0.0000000
2:14-1:11  1.047143e+01   5.62779152 15.31506562 0.0000000
1:15-1:11  9.952381e+00   5.10874390 14.79601801 0.0000000
2:15-1:11  1.067381e+01   5.83017247 15.51744658 0.0000000
1:16-1:11  8.188095e+00   3.34445818 13.03173229 0.0000038
2:16-1:11  1.045952e+01   5.61588676 15.30316086 0.0000000
1:17-1:11  6.285714e+00   1.44207723 11.12935134 0.0011087
2:17-1:11  8.554762e+00   3.71112485 13.39839896 0.0000013
1:18-1:11  6.576190e+00   1.73255342 11.41982753 0.0004790
2:18-1:11  7.483333e+00   2.63969628 12.32697039 0.0000324
1:19-1:11  3.111905e+00  -1.73173229  7.95554182 0.7934184
2:19-1:11  3.888095e+00  -0.95554182  8.73173229 0.3327861
1:20-1:11  3.109524e+00  -1.73411324  7.95316086 0.7946530
2:20-1:11  1.221429e+00  -3.62220848  6.06506562 1.0000000
1:21-1:11  4.904762e-01  -4.35316086  5.33411324 1.0000000
2:21-1:11  1.209524e+00  -3.63411324  6.05316086 1.0000000
1:22-1:11  4.952381e-01  -4.34839896  5.33887515 1.0000000
2:22-1:11  1.376190e+00  -3.46744658  6.21982753 1.0000000
1:23-1:11  3.104762e+00  -1.73887515  7.94839896 0.7971121
2:23-1:11  4.495238e+00  -0.34839896  9.33887515 0.1083707
1:12-2:11  4.411905e+00  -0.43173229  9.25554182 0.1287748
2:12-2:11  4.809524e+00  -0.03411324  9.65316086 0.0541188
1:13-2:11  8.950000e+00   4.10636295 13.79363705 0.0000004
2:13-2:11  1.017857e+01   5.33493438 15.02220848 0.0000000
1:14-2:11  1.092857e+01   6.08493438 15.77220848 0.0000000
2:14-2:11  1.165476e+01   6.81112485 16.49839896 0.0000000
1:15-2:11  1.113571e+01   6.29207723 15.97935134 0.0000000
2:15-2:11  1.185714e+01   7.01350580 16.70077991 0.0000000
1:16-2:11  9.371429e+00   4.52779152 14.21506562 0.0000001
2:16-2:11  1.164286e+01   6.79922009 16.48649420 0.0000000
1:17-2:11  7.469048e+00   2.62541057 12.31268467 0.0000338
2:17-2:11  9.738095e+00   4.89445818 14.58173229 0.0000000
1:18-2:11  7.759524e+00   2.91588676 12.60316086 0.0000141
2:18-2:11  8.666667e+00   3.82302961 13.51030372 0.0000009
1:19-2:11  4.295238e+00  -0.54839896  9.13887515 0.1624669
2:19-2:11  5.071429e+00   0.22779152  9.91506562 0.0289827
1:20-2:11  4.292857e+00  -0.55077991  9.13649420 0.1632205
2:20-2:11  2.404762e+00  -2.43887515  7.24839896 0.9888840
1:21-2:11  1.673810e+00  -3.16982753  6.51744658 0.9999930
2:21-2:11  2.392857e+00  -2.45077991  7.23649420 0.9896862
1:22-2:11  1.678571e+00  -3.16506562  6.52220848 0.9999924
2:22-2:11  2.559524e+00  -2.28411324  7.40316086 0.9732048
1:23-2:11  4.288095e+00  -0.55554182  9.13173229 0.1647358
2:23-2:11  5.678571e+00   0.83493438 10.52220848 0.0060251
2:12-1:12  3.976190e-01  -4.44601801  5.24125610 1.0000000
1:13-1:12  4.538095e+00  -0.30554182  9.38173229 0.0989717
2:13-1:12  5.766667e+00   0.92302961 10.61030372 0.0047428
1:14-1:12  6.516667e+00   1.67302961 11.36030372 0.0005696
2:14-1:12  7.242857e+00   2.39922009 12.08649420 0.0000667
1:15-1:12  6.723810e+00   1.88017247 11.56744658 0.0003110
2:15-1:12  7.445238e+00   2.60160104 12.28887515 0.0000363
1:16-1:12  4.959524e+00   0.11588676  9.80316086 0.0380200
2:16-1:12  7.230952e+00   2.38731533 12.07458943 0.0000691
1:17-1:12  3.057143e+00  -1.78649420  7.90077991 0.8209284
2:17-1:12  5.326190e+00   0.48255342 10.16982753 0.0152732
1:18-1:12  3.347619e+00  -1.49601801  8.19125610 0.6576234
2:18-1:12  4.254762e+00  -0.58887515  9.09839896 0.1756511
1:19-1:12 -1.166667e-01  -4.96030372  4.72697039 1.0000000
2:19-1:12  6.595238e-01  -4.18411324  5.50316086 1.0000000
1:20-1:12 -1.190476e-01  -4.96268467  4.72458943 1.0000000
2:20-1:12 -2.007143e+00  -6.85077991  2.83649420 0.9995457
1:21-1:12 -2.738095e+00  -7.58173229  2.10554182 0.9388771
2:21-1:12 -2.019048e+00  -6.86268467  2.82458943 0.9994878
1:22-1:12 -2.733333e+00  -7.57697039  2.11030372 0.9400668
2:22-1:12 -1.852381e+00  -6.69601801  2.99125610 0.9999192
1:23-1:12 -1.238095e-01  -4.96744658  4.71982753 1.0000000
2:23-1:12  1.266667e+00  -3.57697039  6.11030372 1.0000000
1:13-2:12  4.140476e+00  -0.70316086  8.98411324 0.2172731
2:13-2:12  5.369048e+00   0.52541057 10.21268467 0.0136743
1:14-2:12  6.119048e+00   1.27541057 10.96268467 0.0017808
2:14-2:12  6.845238e+00   2.00160104 11.68887515 0.0002175
1:15-2:12  6.326190e+00   1.48255342 11.16982753 0.0009872
2:15-2:12  7.047619e+00   2.20398199 11.89125610 0.0001194
1:16-2:12  4.561905e+00  -0.28173229  9.40554182 0.0940534
2:16-2:12  6.833333e+00   1.98969628 11.67697039 0.0002253
1:17-2:12  2.659524e+00  -2.18411324  7.50316086 0.9564974
2:17-2:12  4.928571e+00   0.08493438  9.77220848 0.0409359
1:18-2:12  2.950000e+00  -1.89363705  7.79363705 0.8689230
2:18-2:12  3.857143e+00  -0.98649420  8.70077991 0.3491098
1:19-2:12 -5.142857e-01  -5.35792277  4.32935134 1.0000000
2:19-2:12  2.619048e-01  -4.58173229  5.10554182 1.0000000
1:20-2:12 -5.166667e-01  -5.36030372  4.32697039 1.0000000
2:20-2:12 -2.404762e+00  -7.24839896  2.43887515 0.9888840
1:21-2:12 -3.135714e+00  -7.97935134  1.70792277 0.7808889
2:21-2:12 -2.416667e+00  -7.26030372  2.42697039 0.9880324
1:22-2:12 -3.130952e+00  -7.97458943  1.71268467 0.7834210
2:22-2:12 -2.250000e+00  -7.09363705  2.59363705 0.9961661
1:23-2:12 -5.214286e-01  -5.36506562  4.32220848 1.0000000
2:23-2:12  8.690476e-01  -3.97458943  5.71268467 1.0000000
2:13-1:13  1.228571e+00  -3.61506562  6.07220848 1.0000000
1:14-1:13  1.978571e+00  -2.86506562  6.82220848 0.9996617
2:14-1:13  2.704762e+00  -2.13887515  7.54839896 0.9468695
1:15-1:13  2.185714e+00  -2.65792277  7.02935134 0.9976858
2:15-1:13  2.907143e+00  -1.93649420  7.75077991 0.8857936
1:16-1:13  4.214286e-01  -4.42220848  5.26506562 1.0000000
2:16-1:13  2.692857e+00  -2.15077991  7.53649420 0.9495368
1:17-1:13 -1.480952e+00  -6.32458943  3.36268467 0.9999997
2:17-1:13  7.880952e-01  -4.05554182  5.63173229 1.0000000
1:18-1:13 -1.190476e+00  -6.03411324  3.65316086 1.0000000
2:18-1:13 -2.833333e-01  -5.12697039  4.56030372 1.0000000
1:19-1:13 -4.654762e+00  -9.49839896  0.18887515 0.0768082
2:19-1:13 -3.878571e+00  -8.72220848  0.96506562 0.3377619
1:20-1:13 -4.657143e+00  -9.50077991  0.18649420 0.0764045
2:20-1:13 -6.545238e+00 -11.38887515 -1.70160104 0.0005242
1:21-1:13 -7.276190e+00 -12.11982753 -2.43255342 0.0000603
2:21-1:13 -6.557143e+00 -11.40077991 -1.71350580 0.0005063
1:22-1:13 -7.271429e+00 -12.11506562 -2.42779152 0.0000612
2:22-1:13 -6.390476e+00 -11.23411324 -1.54683914 0.0008206
1:23-1:13 -4.661905e+00  -9.50554182  0.18173229 0.0756025
2:23-1:13 -3.271429e+00  -8.11506562  1.57220848 0.7039454
1:14-2:13  7.500000e-01  -4.09363705  5.59363705 1.0000000
2:14-2:13  1.476190e+00  -3.36744658  6.31982753 0.9999998
1:15-2:13  9.571429e-01  -3.88649420  5.80077991 1.0000000
2:15-2:13  1.678571e+00  -3.16506562  6.52220848 0.9999924
1:16-2:13 -8.071429e-01  -5.65077991  4.03649420 1.0000000
2:16-2:13  1.464286e+00  -3.37935134  6.30792277 0.9999998
1:17-2:13 -2.709524e+00  -7.55316086  2.13411324 0.9457753
2:17-2:13 -4.404762e-01  -5.28411324  4.40316086 1.0000000
1:18-2:13 -2.419048e+00  -7.26268467  2.42458943 0.9878559
2:18-2:13 -1.511905e+00  -6.35554182  3.33173229 0.9999995
1:19-2:13 -5.883333e+00 -10.72697039 -1.03969628 0.0034420
2:19-2:13 -5.107143e+00  -9.95077991 -0.26350580 0.0265422
1:20-2:13 -5.885714e+00 -10.72935134 -1.04207723 0.0034194
2:20-2:13 -7.773810e+00 -12.61744658 -2.93017247 0.0000135
1:21-2:13 -8.504762e+00 -13.34839896 -3.66112485 0.0000015
2:21-2:13 -7.785714e+00 -12.62935134 -2.94207723 0.0000130
1:22-2:13 -8.500000e+00 -13.34363705 -3.65636295 0.0000015
2:22-2:13 -7.619048e+00 -12.46268467 -2.77541057 0.0000215
1:23-2:13 -5.890476e+00 -10.73411324 -1.04683914 0.0033747
2:23-2:13 -4.500000e+00  -9.34363705  0.34363705 0.1072908
2:14-1:14  7.261905e-01  -4.11744658  5.56982753 1.0000000
1:15-1:14  2.071429e-01  -4.63649420  5.05077991 1.0000000
2:15-1:14  9.285714e-01  -3.91506562  5.77220848 1.0000000
1:16-1:14 -1.557143e+00  -6.40077991  3.28649420 0.9999990
2:16-1:14  7.142857e-01  -4.12935134  5.55792277 1.0000000
1:17-1:14 -3.459524e+00  -8.30316086  1.38411324 0.5874493
2:17-1:14 -1.190476e+00  -6.03411324  3.65316086 1.0000000
1:18-1:14 -3.169048e+00  -8.01268467  1.67458943 0.7628142
2:18-1:14 -2.261905e+00  -7.10554182  2.58173229 0.9958083
1:19-1:14 -6.633333e+00 -11.47697039 -1.78969628 0.0004054
2:19-1:14 -5.857143e+00 -10.70077991 -1.01350580 0.0037001
1:20-1:14 -6.635714e+00 -11.47935134 -1.79207723 0.0004026
2:20-1:14 -8.523810e+00 -13.36744658 -3.68017247 0.0000014
1:21-1:14 -9.254762e+00 -14.09839896 -4.41112485 0.0000002
2:21-1:14 -8.535714e+00 -13.37935134 -3.69207723 0.0000013
1:22-1:14 -9.250000e+00 -14.09363705 -4.40636295 0.0000002
2:22-1:14 -8.369048e+00 -13.21268467 -3.52541057 0.0000022
1:23-1:14 -6.640476e+00 -11.48411324 -1.79683914 0.0003971
2:23-1:14 -5.250000e+00 -10.09363705 -0.40636295 0.0185556
1:15-2:14 -5.190476e-01  -5.36268467  4.32458943 1.0000000
2:15-2:14  2.023810e-01  -4.64125610  5.04601801 1.0000000
1:16-2:14 -2.283333e+00  -7.12697039  2.56030372 0.9950939
2:16-2:14 -1.190476e-02  -4.85554182  4.83173229 1.0000000
1:17-2:14 -4.185714e+00  -9.02935134  0.65792277 0.2000084
2:17-2:14 -1.916667e+00  -6.76030372  2.92697039 0.9998277
1:18-2:14 -3.895238e+00  -8.73887515  0.94839896 0.3290820
2:18-2:14 -2.988095e+00  -7.83173229  1.85554182 0.8527891
1:19-2:14 -7.359524e+00 -12.20316086 -2.51588676 0.0000470
2:19-2:14 -6.583333e+00 -11.42697039 -1.73969628 0.0004691
1:20-2:14 -7.361905e+00 -12.20554182 -2.51826771 0.0000467
2:20-2:14 -9.250000e+00 -14.09363705 -4.40636295 0.0000002
1:21-2:14 -9.980952e+00 -14.82458943 -5.13731533 0.0000000
2:21-2:14 -9.261905e+00 -14.10554182 -4.41826771 0.0000001
1:22-2:14 -9.976190e+00 -14.81982753 -5.13255342 0.0000000
2:22-2:14 -9.095238e+00 -13.93887515 -4.25160104 0.0000002
1:23-2:14 -7.366667e+00 -12.21030372 -2.52302961 0.0000460
2:23-2:14 -5.976190e+00 -10.81982753 -1.13255342 0.0026596
2:15-1:15  7.214286e-01  -4.12220848  5.56506562 1.0000000
1:16-1:15 -1.764286e+00  -6.60792277  3.07935134 0.9999741
2:16-1:15  5.071429e-01  -4.33649420  5.35077991 1.0000000
1:17-1:15 -3.666667e+00  -8.51030372  1.17697039 0.4581742
2:17-1:15 -1.397619e+00  -6.24125610  3.44601801 1.0000000
1:18-1:15 -3.376190e+00  -8.21982753  1.46744658 0.6398760
2:18-1:15 -2.469048e+00  -7.31268467  2.37458943 0.9836466
1:19-1:15 -6.840476e+00 -11.68411324 -1.99683914 0.0002206
2:19-1:15 -6.064286e+00 -10.90792277 -1.22064866 0.0020781
1:20-1:15 -6.842857e+00 -11.68649420 -1.99922009 0.0002191
2:20-1:15 -8.730952e+00 -13.57458943 -3.88731533 0.0000007
1:21-1:15 -9.461905e+00 -14.30554182 -4.61826771 0.0000001
2:21-1:15 -8.742857e+00 -13.58649420 -3.89922009 0.0000007
1:22-1:15 -9.457143e+00 -14.30077991 -4.61350580 0.0000001
2:22-1:15 -8.576190e+00 -13.41982753 -3.73255342 0.0000012
1:23-1:15 -6.847619e+00 -11.69125610 -2.00398199 0.0002160
2:23-1:15 -5.457143e+00 -10.30077991 -0.61350580 0.0108685
1:16-2:15 -2.485714e+00  -7.32935134  2.35792277 0.9820137
2:16-2:15 -2.142857e-01  -5.05792277  4.62935134 1.0000000
1:17-2:15 -4.388095e+00  -9.23173229  0.45554182 0.1351489
2:17-2:15 -2.119048e+00  -6.96268467  2.72458943 0.9986872
1:18-2:15 -4.097619e+00  -8.94125610  0.74601801 0.2345982
2:18-2:15 -3.190476e+00  -8.03411324  1.65316086 0.7508875
1:19-2:15 -7.561905e+00 -12.40554182 -2.71826771 0.0000256
2:19-2:15 -6.785714e+00 -11.62935134 -1.94207723 0.0002593
1:20-2:15 -7.564286e+00 -12.40792277 -2.72064866 0.0000254
2:20-2:15 -9.452381e+00 -14.29601801 -4.60874390 0.0000001
1:21-2:15 -1.018333e+01 -15.02697039 -5.33969628 0.0000000
2:21-2:15 -9.464286e+00 -14.30792277 -4.62064866 0.0000001
1:22-2:15 -1.017857e+01 -15.02220848 -5.33493438 0.0000000
2:22-2:15 -9.297619e+00 -14.14125610 -4.45398199 0.0000001
1:23-2:15 -7.569048e+00 -12.41268467 -2.72541057 0.0000250
2:23-2:15 -6.178571e+00 -11.02220848 -1.33493438 0.0015046
2:16-1:16  2.271429e+00  -2.57220848  7.11506562 0.9955023
1:17-1:16 -1.902381e+00  -6.74601801  2.94125610 0.9998537
2:17-1:16  3.666667e-01  -4.47697039  5.21030372 1.0000000
1:18-1:16 -1.611905e+00  -6.45554182  3.23173229 0.9999974
2:18-1:16 -7.047619e-01  -5.54839896  4.13887515 1.0000000
1:19-1:16 -5.076190e+00  -9.91982753 -0.23255342 0.0286458
2:19-1:16 -4.300000e+00  -9.14363705  0.54363705 0.1609678
1:20-1:16 -5.078571e+00  -9.92220848 -0.23493438 0.0284787
2:20-1:16 -6.966667e+00 -11.81030372 -2.12302961 0.0001519
1:21-1:16 -7.697619e+00 -12.54125610 -2.85398199 0.0000170
2:21-1:16 -6.978571e+00 -11.82220848 -2.13493438 0.0001466
1:22-1:16 -7.692857e+00 -12.53649420 -2.84922009 0.0000172
2:22-1:16 -6.811905e+00 -11.65554182 -1.96826771 0.0002400
1:23-1:16 -5.083333e+00  -9.92697039 -0.23969628 0.0281472
2:23-1:16 -3.692857e+00  -8.53649420  1.15077991 0.4424209
1:17-2:16 -4.173810e+00  -9.01744658  0.66982753 0.2044505
2:17-2:16 -1.904762e+00  -6.74839896  2.93887515 0.9998496
1:18-2:16 -3.883333e+00  -8.72697039  0.96030372 0.3352687
2:18-2:16 -2.976190e+00  -7.81982753  1.86744658 0.8579442
1:19-2:16 -7.347619e+00 -12.19125610 -2.50398199 0.0000487
2:19-2:16 -6.571429e+00 -11.41506562 -1.72779152 0.0004857
1:20-2:16 -7.350000e+00 -12.19363705 -2.50636295 0.0000484
2:20-2:16 -9.238095e+00 -14.08173229 -4.39445818 0.0000002
1:21-2:16 -9.969048e+00 -14.81268467 -5.12541057 0.0000000
2:21-2:16 -9.250000e+00 -14.09363705 -4.40636295 0.0000002
1:22-2:16 -9.964286e+00 -14.80792277 -5.12064866 0.0000000
2:22-2:16 -9.083333e+00 -13.92697039 -4.23969628 0.0000003
1:23-2:16 -7.354762e+00 -12.19839896 -2.51112485 0.0000477
2:23-2:16 -5.964286e+00 -10.80792277 -1.12064866 0.0027494
2:17-1:17  2.269048e+00  -2.57458943  7.11268467 0.9955805
1:18-1:17  2.904762e-01  -4.55316086  5.13411324 1.0000000
2:18-1:17  1.197619e+00  -3.64601801  6.04125610 1.0000000
1:19-1:17 -3.173810e+00  -8.01744658  1.66982753 0.7601839
2:19-1:17 -2.397619e+00  -7.24125610  2.44601801 0.9893711
1:20-1:17 -3.176190e+00  -8.01982753  1.66744658 0.7588644
2:20-1:17 -5.064286e+00  -9.90792277 -0.22064866 0.0294949
1:21-1:17 -5.795238e+00 -10.63887515 -0.95160104 0.0043863
2:21-1:17 -5.076190e+00  -9.91982753 -0.23255342 0.0286458
1:22-1:17 -5.790476e+00 -10.63411324 -0.94683914 0.0044439
2:22-1:17 -4.909524e+00  -9.75316086 -0.06588676 0.0428291
1:23-1:17 -3.180952e+00  -8.02458943  1.66268467 0.7562167
2:23-1:17 -1.790476e+00  -6.63411324  3.05316086 0.9999632
1:18-2:17 -1.978571e+00  -6.82220848  2.86506562 0.9996617
2:18-2:17 -1.071429e+00  -5.91506562  3.77220848 1.0000000
1:19-2:17 -5.442857e+00 -10.28649420 -0.59922009 0.0112832
2:19-2:17 -4.666667e+00  -9.51030372  0.17697039 0.0748078
1:20-2:17 -5.445238e+00 -10.28887515 -0.60160104 0.0112131
2:20-2:17 -7.333333e+00 -12.17697039 -2.48969628 0.0000508
1:21-2:17 -8.064286e+00 -12.90792277 -3.22064866 0.0000056
2:21-2:17 -7.345238e+00 -12.18887515 -2.50160104 0.0000491
1:22-2:17 -8.059524e+00 -12.90316086 -3.21588676 0.0000057
2:22-2:17 -7.178571e+00 -12.02220848 -2.33493438 0.0000808
1:23-2:17 -5.450000e+00 -10.29363705 -0.60636295 0.0110741
2:23-2:17 -4.059524e+00  -8.90316086  0.78411324 0.2507937
2:18-1:18  9.071429e-01  -3.93649420  5.75077991 1.0000000
1:19-1:18 -3.464286e+00  -8.30792277  1.37935134 0.5844378
2:19-1:18 -2.688095e+00  -7.53173229  2.15554182 0.9505766
1:20-1:18 -3.466667e+00  -8.31030372  1.37697039 0.5829318
2:20-1:18 -5.354762e+00 -10.19839896 -0.51112485 0.0141889
1:21-1:18 -6.085714e+00 -10.92935134 -1.24207723 0.0019564
2:21-1:18 -5.366667e+00 -10.21030372 -0.52302961 0.0137588
1:22-1:18 -6.080952e+00 -10.92458943 -1.23731533 0.0019828
2:22-1:18 -5.200000e+00 -10.04363705 -0.35636295 0.0210550
1:23-1:18 -3.471429e+00  -8.31506562  1.37220848 0.5799196
2:23-1:18 -2.080952e+00  -6.92458943  2.76268467 0.9990704
1:19-2:18 -4.371429e+00  -9.21506562  0.47220848 0.1397606
2:19-2:18 -3.595238e+00  -8.43887515  1.24839896 0.5020309
1:20-2:18 -4.373810e+00  -9.21744658  0.46982753 0.1390941
2:20-2:18 -6.261905e+00 -11.10554182 -1.41826771 0.0011867
1:21-2:18 -6.992857e+00 -11.83649420 -2.14922009 0.0001405
2:21-2:18 -6.273810e+00 -11.11744658 -1.43017247 0.0011471
1:22-2:18 -6.988095e+00 -11.83173229 -2.14445818 0.0001425
2:22-2:18 -6.107143e+00 -10.95077991 -1.26350580 0.0018417
1:23-2:18 -4.378571e+00  -9.22220848  0.46506562 0.1377689
2:23-2:18 -2.988095e+00  -7.83173229  1.85554182 0.8527891
2:19-1:19  7.761905e-01  -4.06744658  5.61982753 1.0000000
1:20-1:19 -2.380952e-03  -4.84601801  4.84125610 1.0000000
2:20-1:19 -1.890476e+00  -6.73411324  2.95316086 0.9998725
1:21-1:19 -2.621429e+00  -7.46506562  2.22220848 0.9635714
2:21-1:19 -1.902381e+00  -6.74601801  2.94125610 0.9998537
1:22-1:19 -2.616667e+00  -7.46030372  2.22697039 0.9643921
2:22-1:19 -1.735714e+00  -6.57935134  3.10792277 0.9999826
1:23-1:19 -7.142857e-03  -4.85077991  4.83649420 1.0000000
2:23-1:19  1.383333e+00  -3.46030372  6.22697039 1.0000000
1:20-2:19 -7.785714e-01  -5.62220848  4.06506562 1.0000000
2:20-2:19 -2.666667e+00  -7.51030372  2.17697039 0.9550678
1:21-2:19 -3.397619e+00  -8.24125610  1.44601801 0.6264699
2:21-2:19 -2.678571e+00  -7.52220848  2.16506562 0.9526105
1:22-2:19 -3.392857e+00  -8.23649420  1.45077991 0.6294550
2:22-2:19 -2.511905e+00  -7.35554182  2.33173229 0.9791936
1:23-2:19 -7.833333e-01  -5.62697039  4.06030372 1.0000000
2:23-2:19  6.071429e-01  -4.23649420  5.45077991 1.0000000
2:20-1:20 -1.888095e+00  -6.73173229  2.95554182 0.9998760
1:21-1:20 -2.619048e+00  -7.46268467  2.22458943 0.9639835
2:21-1:20 -1.900000e+00  -6.74363705  2.94363705 0.9998576
1:22-1:20 -2.614286e+00  -7.45792277  2.22935134 0.9647973
2:22-1:20 -1.733333e+00  -6.57697039  3.11030372 0.9999832
1:23-1:20 -4.761905e-03  -4.84839896  4.83887515 1.0000000
2:23-1:20  1.385714e+00  -3.45792277  6.22935134 1.0000000
1:21-2:20 -7.309524e-01  -5.57458943  4.11268467 1.0000000
2:21-2:20 -1.190476e-02  -4.85554182  4.83173229 1.0000000
1:22-2:20 -7.261905e-01  -5.56982753  4.11744658 1.0000000
2:22-2:20  1.547619e-01  -4.68887515  4.99839896 1.0000000
1:23-2:20  1.883333e+00  -2.96030372  6.72697039 0.9998828
2:23-2:20  3.273810e+00  -1.56982753  8.11744658 0.7025251
2:21-1:21  7.190476e-01  -4.12458943  5.56268467 1.0000000
1:22-1:21  4.761905e-03  -4.83887515  4.84839896 1.0000000
2:22-1:21  8.857143e-01  -3.95792277  5.72935134 1.0000000
1:23-1:21  2.614286e+00  -2.22935134  7.45792277 0.9647973
2:23-1:21  4.004762e+00  -0.83887515  8.84839896 0.2753827
1:22-2:21 -7.142857e-01  -5.55792277  4.12935134 1.0000000
2:22-2:21  1.666667e-01  -4.67697039  5.01030372 1.0000000
1:23-2:21  1.895238e+00  -2.94839896  6.73887515 0.9998653
2:23-2:21  3.285714e+00  -1.55792277  8.12935134 0.6953945
2:22-1:22  8.809524e-01  -3.96268467  5.72458943 1.0000000
1:23-1:22  2.609524e+00  -2.23411324  7.45316086 0.9655975
2:23-1:22  4.000000e+00  -0.84363705  8.84363705 0.2775932
1:23-2:22  1.728571e+00  -3.11506562  6.57220848 0.9999843
2:23-2:22  3.119048e+00  -1.72458943  7.96268467 0.7896942
2:23-1:23  1.390476e+00  -3.45316086  6.23411324 1.0000000

